337.844507 2557.920275 7.846950 3.556258 14.278506 3.778691 5.093676 50.575886 -133.513378 1651.109401 7.409203 -1.405404 15.404939 3.924913 5.290782 40.633846 182.857399 2182.263766 7.688118 1.924815 19.266286 4.389338 5.916827 46.714706 67.757746 109.073782 4.692025 0.713239 0.639435 0.799647 1.077924 10.443839 -9.873705 382.436353 5.946562 -0.103934 4.014844 2.003707 2.700998 19.555980 33.004855 347.770051 5.851541 0.347420 3.540037 1.881499 2.536260 18.648594 
307.268401 2006.384746 7.604090 3.268813 10.659382 3.264871 4.401046 44.792686 5.141665 934.708380 6.840235 0.054699 9.940714 3.152890 4.250096 30.573001 181.238416 1807.585341 7.499747 1.928068 15.512184 3.938551 5.309167 42.515707 72.216030 114.503236 4.740603 0.768256 0.627903 0.792403 1.068160 10.700618 -1.011956 351.180272 5.861300 -0.010765 3.735844 1.932833 2.605459 18.739804 27.495641 224.821702 5.415308 0.292507 2.306160 1.518605 2.047079 14.994056 
309.189430 2075.878591 7.638140 3.220723 11.250677 3.354203 4.521466 45.561811 -40.070710 1047.287966 6.953959 -0.417403 10.735024 3.276435 4.416634 32.361829 220.825703 1850.623741 7.523278 2.300268 13.986099 3.739799 5.041250 43.018877 73.192462 158.600489 5.066388 0.762421 1.070802 1.034796 1.394905 12.593669 3.863890 354.815636 5.871598 0.040249 3.694376 1.922076 2.590959 18.836551 43.847657 273.390991 5.610903 0.456746 2.639206 1.624563 2.189911 16.534539 
328.860920 2345.072480 7.760072 3.321827 12.653063 3.557114 4.794990 48.425948 7.457373 1099.170922 7.002311 0.075327 11.097062 3.331225 4.490492 33.153747 236.457824 2422.371899 7.792502 2.388463 18.763648 4.331703 5.839135 49.217597 70.714335 176.203343 5.171639 0.714286 1.269627 1.126777 1.518896 13.274161 4.685745 318.870906 5.764786 0.047331 3.218678 1.794067 2.418403 17.856957 42.891552 292.801848 5.679496 0.433248 2.769891 1.664299 2.243475 17.111454 
269.024505 1959.099636 7.580240 2.745148 12.454975 3.529161 4.757309 44.261717 -42.017248 938.239006 6.844005 -0.428747 9.390043 3.064318 4.130700 30.630687 229.834427 2490.885436 7.820394 2.345249 19.917004 4.462847 6.015918 49.908771 62.629676 188.681675 5.240061 0.639078 1.516902 1.231626 1.660232 13.736145 -9.983272 304.037485 5.717151 -0.101870 3.092046 1.758421 2.370352 17.436671 40.611136 211.545355 5.354439 0.414399 1.986899 1.409574 1.900106 14.544599 
308.612258 1901.358323 7.550324 3.117296 9.488108 3.080277 4.152214 43.604568 -29.856785 926.373492 6.831277 -0.301584 9.266355 3.044069 4.103405 30.436384 219.496746 2137.846278 7.667554 2.217139 16.678702 4.083957 5.505174 46.236850 65.703616 157.562280 5.059821 0.663673 1.151076 1.072882 1.446245 12.552381 -2.544285 285.761873 5.655159 -0.025700 2.885823 1.698771 2.289943 16.904493 39.112493 279.322204 5.632366 0.395076 2.665352 1.632590 2.200732 16.712935 
329.323494 2720.172223 7.908450 3.742312 16.906146 4.111708 5.542583 52.155270 -130.789263 1826.899670 7.510376 -1.486242 18.551309 4.307123 5.806002 42.742247 255.910527 3016.539740 8.011866 2.908074 25.821965 5.081532 6.849905 54.923035 68.662245 229.515423 5.435970 0.780253 1.999335 1.413979 1.906043 15.149766 -27.444033 386.741304 5.957756 -0.311864 4.297528 2.073048 2.794469 19.665739 41.477282 333.789481 5.810510 0.471333 3.570908 1.889685 2.547295 18.269906 
349.274520 2596.108846 7.861769 3.755640 13.810317 3.716223 5.009469 50.952025 -142.303836 1947.526206 7.574315 -1.530149 18.599787 4.312747 5.813583 44.130785 257.081191 2668.661331 7.889332 2.764314 21.053852 4.588448 6.185228 51.659088 78.202071 300.878484 5.706706 0.840882 2.528169 1.590022 2.143349 17.345849 -37.877217 440.852268 6.088710 -0.407282 4.574468 2.138801 2.883103 20.996482 45.497820 326.475812 5.788356 0.489224 3.271153 1.808633 2.438037 18.068642 
404.757067 2976.120999 7.998376 4.088455 13.346362 3.653267 4.924605 54.553836 -156.686380 1752.312631 7.468692 -1.582691 15.195218 3.898104 5.254645 41.860633 210.262192 2970.474788 7.996477 2.123861 25.494012 5.049160 6.806267 54.502062 86.006403 203.151883 5.313954 0.868752 1.297310 1.138995 1.535366 14.253136 -26.956136 409.657305 6.015321 -0.272284 4.063814 2.015890 2.717420 20.239993 34.595234 402.587494 5.997912 0.349447 3.944427 1.986058 2.677207 20.064583 
398.658914 3818.859732 8.247707 3.760933 21.882360 4.677859 6.305754 61.796923 -187.460096 2195.619758 7.694220 -1.768491 17.585832 4.193546 5.652901 46.857441 265.175056 3685.068347 8.212044 2.501651 28.506536 5.339151 7.197176 60.704764 85.776864 279.973048 5.634693 0.809216 1.986425 1.409406 1.899879 16.732395 -25.318075 543.310285 6.297681 -0.238850 5.068520 2.251337 3.034803 23.309017 29.109494 396.227306 5.981988 0.274618 3.662578 1.913786 2.579784 19.905459 
453.738890 4409.176936 8.391443 4.240550 23.224994 4.819232 6.496324 66.401634 -34.940825 1373.151396 7.224864 -0.326550 12.726556 3.567430 4.808896 37.056057 233.608694 3261.328226 8.089890 2.183259 25.713084 5.070807 6.835448 57.108040 96.053269 271.269100 5.603111 0.897694 1.729371 1.315055 1.772695 16.470249 5.616047 555.088935 6.319128 0.052486 5.184992 2.277058 3.069474 23.560325 48.002762 420.967568 6.042556 0.448624 3.733013 1.932101 2.604472 20.517494 
-443.435162 4221.297401 8.347898 -3.889782 21.898520 4.679585 6.308081 64.971512 241.593378 3527.119184 8.168237 2.119240 26.448463 5.142807 6.932504 59.389555 250.252011 3312.670467 8.105510 2.195193 24.239640 4.923377 6.636712 57.555803 -79.495665 316.324196 5.756768 -0.697330 2.288504 1.512780 2.039228 17.785505 34.585472 432.121178 6.068706 0.303381 3.698496 1.923148 2.592403 20.787525 54.903084 385.144657 5.953619 0.481606 3.146518 1.773843 2.391140 19.625103 
-353.548855 2835.278853 7.949896 -4.259625 16.015583 4.001947 5.394625 53.247337 202.749073 2510.132355 7.828091 2.442760 24.275482 4.927016 6.641617 50.101221 234.846872 2636.222701 7.877102 2.829480 23.755760 4.873988 6.570136 51.344159 -77.197309 237.385792 5.469687 -0.930088 1.995006 1.412447 1.903978 15.407329 43.961296 402.493996 5.997680 0.529654 4.568792 2.137473 2.881314 20.062253 33.267447 292.172812 5.677345 0.400813 3.359504 1.832895 2.470742 17.093063 
-377.267029 3123.529544 8.046719 -3.042476 15.933094 3.991628 5.380715 55.888546 323.461980 3400.951424 8.131811 2.608564 20.622420 4.541191 6.121526 58.317677 210.646760 2653.573073 7.883662 1.698764 18.513983 4.302788 5.800158 51.512844 -78.147814 263.866679 5.575444 -0.630224 1.730774 1.315589 1.773414 16.243974 38.813130 315.416811 5.753895 0.313009 2.445709 1.563876 2.108105 17.759978 37.534483 403.950212 6.001292 0.302697 3.166037 1.779336 2.398545 20.098513 
-349.566326 2911.575461 7.976450 -3.177876 16.369974 4.045982 5.453985 53.959016 204.492808 2135.861895 7.666626 1.859026 15.960950 3.995116 5.385416 46.215386 286.162699 3231.276103 8.080632 2.601479 22.607544 4.754739 6.409389 56.844315 -79.397034 346.875456 5.848966 -0.721791 2.632431 1.622477 2.187099 18.624593 41.058170 288.513353 5.664741 0.373256 2.483529 1.575921 2.124342 16.985681 46.854884 375.559801 5.928418 0.425953 3.232744 1.797983 2.423681 19.379365 
-366.570920 2875.360780 7.963933 -3.425896 15.135764 3.890471 5.244355 53.622391 258.020671 3269.422556 8.092369 2.411408 24.740462 4.973978 6.704923 57.178865 196.347476 2838.897589 7.951171 1.835023 23.164443 4.812945 6.487851 53.281306 -75.848503 287.042941 5.659632 -0.708865 2.180155 1.476535 1.990369 16.942342 43.863344 272.130913 5.606283 0.409938 2.375231 1.541178 2.077508 16.496391 37.733222 388.531682 5.962375 0.352647 3.506777 1.872639 2.524318 19.711207 
-334.100308 2690.538112 7.897496 -2.738527 14.554060 3.814978 5.142591 51.870397 280.853188 2856.277148 7.957274 2.302075 18.112557 4.255885 5.736933 53.444150 209.149895 2008.626777 7.605207 1.714343 13.525181 3.677660 4.957485 44.817706 -81.216438 330.165895 5.799595 -0.665709 2.263110 1.504364 2.027882 18.170468 60.279563 295.890445 5.689989 0.494095 2.181202 1.476889 1.990847 17.201466 30.982872 392.095552 5.971506 0.253958 3.149403 1.774656 2.392236 19.801403 
-382.095308 3262.882639 8.090366 -2.985120 16.580332 4.071895 5.488915 57.121648 296.780093 2571.996299 7.852438 2.318594 14.717841 3.836384 5.171446 50.714853 212.066669 2294.331074 7.738197 1.656771 15.179572 3.896097 5.251939 47.899176 -98.359793 314.619665 5.751364 -0.768436 1.867472 1.366555 1.842116 17.737521 47.714504 392.163671 5.971679 0.372770 2.924822 1.710211 2.305364 19.803123 59.585853 446.066555 6.100468 0.465514 3.268191 1.807814 2.436933 21.120288 
-349.312439 2634.627490 7.876497 -4.015086 14.162163 3.763265 5.072881 51.328623 206.220201 2131.229881 7.664455 2.370347 18.878350 4.344922 5.856955 46.165245 225.325417 2294.258372 7.738165 2.589947 19.662959 4.434293 5.977428 47.898417 -85.589304 296.836866 5.693183 -0.983785 2.444085 1.563357 2.107405 17.228954 51.593367 356.893346 5.877437 0.593027 3.750541 1.936631 2.610579 18.891621 46.652822 348.581157 5.853871 0.536239 3.719127 1.928504 2.599623 18.670328 
-395.693511 2991.214165 8.003435 -3.501712 14.208932 3.769474 5.081251 54.691994 297.557754 3115.795600 8.044240 2.633254 20.639383 4.543059 6.124043 55.819312 184.781643 1836.485698 7.515609 1.635236 13.578090 3.684846 4.967173 42.854238 -94.667615 299.997208 5.703773 -0.837767 1.952990 1.397494 1.883822 17.320427 54.215203 308.797204 5.732685 0.479781 2.502529 1.581938 2.132453 17.572627 44.792717 507.932281 6.230348 0.396396 4.337846 2.082750 2.807547 22.537353 
-366.495397 2723.953421 7.909840 -2.863245 13.082712 3.617003 4.875721 52.191507 402.341184 3509.900969 8.163343 3.143291 17.540826 4.188177 5.645663 59.244417 145.930834 2241.392110 7.714852 1.140085 16.211083 4.026299 5.427451 47.343343 -97.444526 331.739252 5.804349 -0.761285 2.012158 1.418505 1.912145 18.213711 59.482996 314.222580 5.750102 0.464711 2.238908 1.496298 2.017010 17.726324 26.355809 505.743348 6.226029 0.205905 3.908723 1.977049 2.665062 22.488738 
-365.616696 3200.914942 8.071192 -3.098447 17.526027 4.186410 5.643281 56.576629 291.011648 3329.405291 8.110549 2.466200 22.133155 4.704589 6.341786 57.700999 229.632744 2768.859686 7.926191 1.946040 19.677840 4.435971 5.979689 52.619955 -70.484893 313.544044 5.747940 -0.597330 2.300350 1.516691 2.044499 17.707175 46.325930 367.282463 5.906131 0.392593 2.958434 1.720010 2.318574 19.164615 58.247887 371.024418 5.916268 0.493626 2.900608 1.703117 2.295802 19.261994 
-446.016908 3982.228846 8.289597 -3.185835 18.294947 4.277259 5.765746 63.104903 434.628608 4409.028718 8.391410 3.104490 21.855204 4.674955 6.301839 66.400517 175.995869 2597.748541 7.862400 1.257113 16.975013 4.120074 5.553860 50.968113 -96.158494 303.768994 5.716268 -0.686846 1.698021 1.303081 1.756554 17.428970 53.783674 416.556316 6.032022 0.384169 2.827816 1.681611 2.266812 20.409711 57.886096 538.524785 6.288834 0.413472 3.675646 1.917198 2.584382 23.206137 
-418.344353 3526.091382 8.167945 -3.098847 16.516342 4.064030 5.478313 59.380901 310.557510 4129.705217 8.325961 2.300426 25.298449 5.029756 6.780112 64.262783 200.969014 2677.600427 7.892676 1.488659 17.617971 4.197377 5.658064 51.745535 -84.237105 241.710503 5.487741 -0.623979 1.401099 1.183680 1.595601 15.547042 36.058676 331.433966 5.803429 0.267101 2.383723 1.543931 2.081219 18.205328 44.887282 529.086131 6.271151 0.332498 3.808601 1.951564 2.630708 23.001872 
-433.060229 3743.540263 8.227787 -3.305803 17.648308 4.200989 5.662933 61.184477 383.429426 4047.560394 8.305870 2.926942 22.330417 4.725507 6.369984 63.620440 182.300346 2381.229490 7.775372 1.391606 16.240758 4.029982 5.432416 48.797843 -95.754992 292.881914 5.679770 -0.730954 1.701446 1.304395 1.758324 17.113793 41.534299 407.113036 6.009091 0.317056 3.007209 1.734131 2.337608 20.177042 48.884177 475.294625 6.163935 0.373162 3.488954 1.867874 2.517894 21.801253 
-422.346790 3549.725120 8.174625 -3.224021 16.702825 4.086909 5.509154 59.579570 323.857186 3223.970795 8.078369 2.472192 18.498730 4.301015 5.797768 56.780021 230.824202 2345.851323 7.760404 1.762017 14.802559 3.847409 5.186308 48.433989 -100.807376 298.369691 5.698333 -0.769522 1.685467 1.298255 1.750048 17.273381 39.157841 408.227443 6.011824 0.298915 3.026890 1.739796 2.345245 20.204639 40.177848 451.971762 6.113620 0.306701 3.356101 1.831966 2.469491 21.259628 
-400.376120 3461.792631 8.149542 -3.364505 17.770799 4.215543 5.682552 58.837001 305.425989 3101.565289 8.039662 2.566605 19.476113 4.413175 5.948960 55.691699 249.761016 2405.229026 7.785400 2.098832 15.806913 3.975791 5.359366 49.043134 -95.723846 417.260191 6.033710 -0.804402 2.859325 1.690954 2.279406 20.426948 47.401805 353.389179 5.867570 0.398334 2.810987 1.676600 2.260056 18.798648 57.994484 446.311351 6.101017 0.487349 3.513007 1.874302 2.526559 21.126082 
-457.339804 4355.596378 8.379217 -3.338247 20.648783 4.544093 6.125438 65.996942 345.040112 3158.620459 8.057891 2.518541 16.712575 4.088102 5.510761 56.201605 235.100376 3155.874105 8.057021 1.716061 20.090712 4.482266 6.042095 56.177167 -117.504913 381.849471 5.945026 -0.857700 2.051573 1.432331 1.930783 19.540969 55.631658 486.452379 6.187139 0.406070 3.385854 1.840069 2.480413 22.055665 49.553650 476.836103 6.167173 0.361705 3.349725 1.830225 2.467144 21.836577 
-438.801187 4140.692225 8.328618 -3.482549 20.734488 4.553514 6.138137 64.348211 264.684472 2743.862133 7.917122 2.100670 17.363867 4.166997 5.617113 52.381887 249.887842 2428.571543 7.795059 1.983237 15.341149 3.916778 5.279817 49.280539 -116.688187 339.164605 5.826486 -0.926097 1.834127 1.354300 1.825596 18.416422 44.970715 461.543122 6.134575 0.356910 3.535656 1.880334 2.534690 21.483555 52.462076 488.693690 6.191736 0.416366 3.705161 1.924879 2.594738 22.106417 
-442.247141 3747.282758 8.228786 -3.275905 17.026098 4.126269 5.562211 61.215053 397.109353 3609.551079 8.191339 2.941551 18.084695 4.252610 5.732519 60.079540 197.904719 2382.723043 7.775999 1.465961 15.500759 3.937100 5.307211 48.813144 -106.348506 403.413456 5.999962 -0.787767 2.367671 1.538724 2.074200 20.085155 57.376344 471.437223 6.155786 0.425010 3.311494 1.819751 2.453025 21.712605 50.861744 459.921649 6.131056 0.376754 3.264884 1.806899 2.435700 21.445784 
-419.916649 3579.146719 8.182880 -3.157268 16.942536 4.116131 5.548545 59.825970 386.805387 3959.973112 8.283993 2.908311 21.315960 4.616921 6.223610 62.928317 230.592247 2056.836390 7.628924 1.733776 12.458955 3.529724 4.758069 45.352358 -105.246254 397.656780 5.985589 -0.791325 2.363705 1.537435 2.072462 19.941333 68.617354 381.318926 5.943636 0.515920 2.600886 1.612726 2.173955 19.527389 48.117428 568.001900 6.342125 0.361785 4.139802 2.034650 2.742709 23.832790 
-450.947790 4365.394255 8.381464 -3.267738 20.955183 4.577683 6.170717 66.071130 325.310274 2683.995534 7.895062 2.357321 13.892282 3.727235 5.024313 51.807292 241.692983 3102.352097 8.039916 1.751398 19.413416 4.406066 5.939377 55.698762 -109.533306 431.875846 6.068138 -0.793720 2.499544 1.580995 2.131181 20.781623 39.046726 459.666128 6.130500 0.282947 3.250855 1.803013 2.430461 21.439826 63.592539 492.272482 6.199032 0.460815 3.354841 1.831622 2.469027 22.187214 
-458.690819 3968.881506 8.286240 -3.611739 18.206379 4.266893 5.751772 62.999060 316.213918 2712.980027 7.905803 2.489873 15.162578 3.893916 5.248998 52.086275 184.426521 1774.530540 7.481291 1.452177 11.863862 3.444396 4.643046 42.125177 -124.704056 344.053957 5.840798 -0.981922 1.744916 1.320953 1.780644 18.548692 56.727126 427.824982 6.058714 0.446670 3.169186 1.780221 2.399738 20.683931 43.036918 536.215698 6.284537 0.338873 4.107336 2.026656 2.731933 23.156332 
-389.561664 3186.888115 8.066800 -3.141626 15.830895 3.978806 5.363430 56.452530 418.699879 3740.144368 8.226879 3.376612 18.760946 4.331391 5.838715 61.156720 187.764859 1943.064925 7.572022 1.514233 13.376978 3.657455 4.930250 44.080210 -102.155940 347.165854 5.849803 -0.823838 2.121015 1.456371 1.963188 18.632387 63.993151 391.380863 5.969681 0.516074 2.889965 1.699990 2.291586 19.783348 42.233820 433.513129 6.071922 0.340595 3.380068 1.838496 2.478293 20.820978 
-468.673558 4195.568982 8.341784 -3.371752 18.815237 4.337653 5.847157 64.773212 419.102349 3487.203483 8.156855 3.015125 15.996817 3.999602 5.391464 59.052548 219.358239 1974.466345 7.588053 1.578117 11.714341 3.422622 4.613695 44.434968 -123.594330 452.973427 6.115833 -0.889168 2.468182 1.571045 2.117769 21.283172 61.034686 385.889230 5.955550 0.439098 2.583374 1.607288 2.166624 19.644063 52.472529 584.033036 6.369958 0.377500 4.059170 2.014738 2.715867 24.166775 
-480.786378 4476.978066 8.406704 -3.973441 21.211584 4.605604 6.208354 66.910224 321.685373 2472.143630 7.812841 2.658557 13.363015 3.655546 4.927676 49.720656 214.557284 2820.650965 7.944723 1.773201 20.166924 4.490760 6.053545 53.109801 -118.165824 366.041679 5.902747 -0.976577 2.071435 1.439248 1.940107 19.132216 46.305897 480.863583 6.175584 0.382693 3.827625 1.956432 2.637270 21.928602 44.282998 465.197752 6.142463 0.365975 3.710672 1.926310 2.596666 21.568443 
-453.414352 3534.582861 8.170351 -4.982575 14.015513 3.743730 5.046548 59.452358 256.374282 2503.781030 7.825557 2.817300 19.576899 4.424579 5.964333 50.037796 210.932919 2084.870656 7.642462 2.317944 17.537801 4.187816 5.645176 45.660384 -112.410517 350.763177 5.860111 -1.235280 2.328623 1.525983 2.057025 18.728673 42.885908 425.442068 6.053129 0.471274 4.453089 2.110234 2.844596 20.626247 55.411979 419.487789 6.039034 0.608923 4.238969 2.058876 2.775364 20.481401 
-429.489091 3880.996358 8.263847 -3.253705 18.814890 4.337613 5.847103 62.297643 294.371174 2655.268646 7.884301 2.230085 15.142394 3.891323 5.245503 51.529299 250.101463 2235.314659 7.712137 1.894708 13.344283 3.652983 4.924221 47.279114 -120.463376 384.750210 5.952594 -0.912601 2.081933 1.442891 1.945017 19.615051 58.066131 428.677079 6.060704 0.439895 3.054046 1.747583 2.355742 20.704518 50.685241 517.847405 6.249681 0.383979 3.775646 1.943102 2.619302 22.756261 
-449.292410 3669.280911 8.207751 -3.565813 16.406256 4.050464 5.460025 60.574590 311.545646 2918.587701 7.978855 2.472584 17.049720 4.129131 5.566068 54.023955 206.774374 1963.433997 7.582450 1.641066 12.889710 3.590224 4.839623 44.310653 -122.175876 372.286587 5.919664 -0.969650 2.014435 1.419308 1.913227 19.294730 50.204860 385.008407 5.953265 0.398451 2.896859 1.702016 2.294318 19.621631 52.715478 551.882912 6.313336 0.418377 4.204984 2.050606 2.764217 23.492188 
-427.615685 3421.865430 8.137941 -3.314850 15.537856 3.941809 5.313558 58.496713 362.773115 2705.584185 7.903073 2.812195 13.065082 3.614565 4.872434 52.015230 211.265264 1952.290766 7.576759 1.637715 12.451926 3.528729 4.756726 44.184735 -113.263025 454.953119 6.120194 -0.878008 2.755870 1.660081 2.237790 21.329630 75.381649 352.798825 5.865898 0.584354 2.393405 1.547063 2.085442 18.782940 54.669122 557.230161 6.322978 0.423792 4.140014 2.034703 2.742779 23.605723 
-437.937428 3157.784961 8.057626 -4.379374 12.398931 3.521212 4.746593 56.194172 283.852106 2479.241926 7.815708 2.838521 16.735217 4.090870 5.514493 49.791987 182.428472 1456.918444 7.284079 1.824285 11.241170 3.352785 4.519555 38.169601 -109.183909 397.922121 5.986256 -1.091839 2.787109 1.669464 2.250437 19.947985 64.034204 385.441093 5.954388 0.640342 3.444373 1.855902 2.501756 19.632654 69.143885 457.164284 6.125043 0.691439 4.093555 2.023254 2.727346 21.381400 
-377.615352 2860.743593 7.958837 -3.020923 13.759974 3.709444 5.000331 53.485920 300.270036 2570.392583 7.851814 2.402160 14.792767 3.846137 5.184592 50.699039 217.481219 1668.907174 7.419924 1.739850 10.324180 3.213126 4.331294 40.852260 -97.009792 355.804859 5.874382 -0.776078 2.244141 1.498046 2.019366 18.862790 53.512262 356.101432 5.875216 0.428098 2.665543 1.632649 2.200811 18.870650 68.785007 490.270099 6.194956 0.550280 3.619353 1.902460 2.564516 22.142044 
-528.538359 5269.900898 8.569767 -4.034644 23.949899 4.893863 6.596928 72.594083 420.104660 4324.362583 8.372020 3.206906 22.726157 4.767196 6.426180 65.759886 216.760636 2017.795282 7.609761 1.654661 12.665113 3.558808 4.797273 44.919876 -132.706312 487.795829 6.189897 -1.013025 2.697412 1.642380 2.213928 22.086100 85.712689 452.651892 6.115123 0.654295 3.027256 1.739901 2.345387 21.275617 61.720176 798.944983 6.683292 0.471146 5.876838 2.424219 3.267847 28.265615 
-499.904555 4785.701576 8.473388 -3.495836 21.245575 4.609292 6.213326 69.178765 551.982507 5617.855970 8.633705 3.860018 24.385971 4.938215 6.656715 74.952358 161.279407 2134.561902 7.666017 1.127828 13.655010 3.695269 4.981222 46.201319 -115.861226 484.230031 6.182560 -0.810218 2.729770 1.652202 2.227168 22.005227 96.162510 400.975371 5.993900 0.672465 2.351814 1.533563 2.067242 20.024369 51.105945 802.172566 6.687324 0.357384 5.481875 2.341340 3.156127 28.322651 
-510.727688 4843.207342 8.485332 -3.546720 21.054161 4.588481 6.185273 69.593156 459.863269 4003.850966 8.295012 3.193495 17.606111 4.195964 5.656159 63.275990 155.718383 1924.426158 7.562383 1.081378 12.194693 3.492090 4.707338 43.868282 -132.679044 450.517269 6.110396 -0.921382 2.279647 1.509850 2.035278 21.225392 78.926475 427.836091 6.058740 0.548101 2.670670 1.634218 2.202926 20.684199 37.067498 668.307302 6.504748 0.257413 4.574761 2.138869 2.883196 25.851640 
-439.021139 3529.635072 8.168950 -3.325918 15.677931 3.959537 5.337456 59.410732 423.033485 3487.001790 8.156798 3.204799 16.145943 4.018201 5.416536 59.050841 141.260727 1782.022447 7.485504 1.070157 12.354934 3.514959 4.738164 42.214008 -116.556154 442.806337 6.093133 -0.883001 2.574902 1.604650 2.163069 21.042964 79.856664 389.478372 5.964808 0.604975 2.584599 1.607669 2.167138 19.735206 35.098936 535.484747 6.283172 0.265901 3.985999 1.996497 2.691278 23.140543 
-476.305963 3782.766572 8.238211 -3.721140 15.705978 3.963077 5.342228 61.504200 397.626133 3356.957699 8.118790 3.106454 16.576175 4.071385 5.488227 57.939259 176.828071 2343.781524 7.759521 1.381469 16.402336 4.049980 5.459373 48.412617 -100.895244 329.683589 5.798133 -0.788244 1.954324 1.397971 1.884466 18.157191 56.753601 443.192342 6.094004 0.443388 3.265848 1.807166 2.436059 21.052134 39.238838 505.406456 6.225363 0.306553 3.854513 1.963291 2.646517 22.481247 
-458.689184 4052.681107 8.307134 -3.669513 18.956120 4.353863 5.869007 63.660672 342.906921 3009.893473 8.009660 2.743255 16.553698 4.068624 5.484505 54.862496 210.884902 2251.732140 7.719455 1.687079 15.167621 3.894563 5.249871 47.452420 -120.863815 366.600371 5.904272 -0.966911 1.997887 1.413466 1.905353 19.146811 56.459668 504.781392 6.224125 0.451677 3.834239 1.958121 2.639548 22.467341 46.766737 506.917921 6.228349 0.374134 3.915367 1.978729 2.667326 22.514838 
-489.282277 4225.726727 8.348947 -3.177158 17.345453 4.164787 5.614133 65.005590 428.978795 3478.025132 8.154220 2.785577 14.825142 3.850343 5.190263 58.974784 153.083863 2039.595139 7.620507 0.994051 12.255987 3.500855 4.719153 45.161877 -128.398774 386.504368 5.957143 -0.833758 1.814616 1.347077 1.815860 19.659714 57.997836 398.568435 5.987879 0.376609 2.446272 1.564056 2.108348 19.964179 39.509840 684.837530 6.529182 0.256557 4.381175 2.093126 2.821534 26.169401 
-461.669963 4335.155588 8.374513 -3.251197 19.958983 4.467548 6.022255 65.841898 432.057419 3800.279727 8.242830 3.042658 17.504766 4.183870 5.639857 61.646409 218.887741 1747.886138 7.466162 1.541463 9.932949 3.151658 4.248435 41.807728 -130.174288 503.598255 6.221779 -0.916720 2.706090 1.645020 2.217487 22.440995 90.820564 411.608750 6.020073 0.639581 2.489589 1.577843 2.126933 20.288143 50.818845 695.614655 6.544796 0.357879 4.770617 2.184174 2.944267 26.374508 
-479.480954 4892.159109 8.495389 -3.261775 22.640817 4.758237 6.414103 69.943971 461.553886 3888.111997 8.265679 3.139822 16.591257 4.073237 5.490723 62.354727 201.387269 2189.294963 7.691335 1.369981 13.016314 3.607813 4.863332 46.789902 -120.129822 485.434446 6.185044 -0.817210 2.634443 1.623097 2.187935 22.032577 69.669857 343.372515 5.838816 0.473945 2.111244 1.453012 1.958660 18.530313 42.700193 642.920361 6.466021 0.290478 4.289231 2.071046 2.791770 25.355874 
-493.299983 5502.915719 8.613033 -3.333108 26.072254 5.106100 6.883023 74.181640 520.803201 4653.328365 8.445338 3.518941 19.058465 4.365600 5.884829 68.215309 268.227887 3241.878861 8.083908 1.812351 18.619972 4.315087 5.816737 56.937500 -113.558037 533.587953 6.279624 -0.767284 3.016599 1.736836 2.341255 23.099523 93.272456 521.385616 6.256490 0.630219 3.125699 1.767965 2.383217 22.833870 88.804144 808.406952 6.695066 0.600028 5.102176 2.258800 3.044862 28.432498 
-419.736429 3606.631583 8.190530 -2.914836 16.549782 4.068142 5.483856 60.055238 487.379883 4369.182773 8.382331 3.384583 18.886148 4.345820 5.858165 66.099794 216.064127 2561.485861 7.848343 1.500445 15.536760 3.941670 5.313371 50.611124 -94.881715 454.606381 6.119432 -0.658901 2.722838 1.650103 2.224338 21.321500 76.474463 398.824765 5.988522 0.531073 2.487578 1.577206 2.126074 19.970598 69.229117 498.120932 6.210843 0.480758 3.228045 1.796676 2.421920 22.318623 
-571.007940 5322.946922 8.579782 -4.049702 21.351313 4.620748 6.228769 72.958529 448.522936 3905.277712 8.270084 3.181014 17.578157 4.192631 5.651667 62.492221 187.018807 3524.464647 8.167484 1.326375 23.236934 4.820470 6.497994 59.367202 -120.821594 369.205449 5.911353 -0.856891 1.884217 1.372668 1.850356 19.214720 44.872686 513.455800 6.241164 0.318246 3.540250 1.881555 2.536337 22.659563 49.961753 640.655071 6.462491 0.354339 4.418097 2.101927 2.833398 25.311165 
-541.183093 5430.431499 8.599774 -4.227993 24.549322 4.954727 6.678973 73.691462 424.785041 4682.258207 8.451536 3.318633 25.566816 5.056364 6.815979 68.427028 167.217635 2538.652868 7.839389 1.306388 18.126577 4.257532 5.739153 50.385046 -106.815382 421.253364 6.043234 -0.834495 2.594660 1.610795 2.171351 20.524458 70.132274 463.425650 6.138646 0.547908 3.320309 1.822172 2.456287 21.527323 55.774782 610.701296 6.414608 0.435740 4.581234 2.140382 2.885235 24.712371 
-412.271087 4344.018936 8.376555 -2.843249 21.874687 4.677038 6.304648 65.909172 441.519323 3507.567799 8.162678 3.044961 14.918336 3.862426 5.206551 59.224723 205.069677 2356.320533 7.764857 1.414274 14.250317 3.774959 5.088645 48.541946 -111.559122 471.447437 6.155808 -0.769373 2.659426 1.630775 2.198285 21.712840 68.130159 405.953834 6.006239 0.469863 2.578910 1.605899 2.164751 20.148296 68.513869 505.761361 6.226065 0.472509 3.264744 1.806860 2.435648 22.489139 
-418.753934 3884.001538 8.264621 -3.196595 19.430648 4.408021 5.942012 62.321758 399.232458 3009.106638 8.009399 3.047576 13.682560 3.698994 4.986245 54.855325 226.984505 2313.314314 7.746437 1.732706 14.656617 3.828396 5.160678 48.096926 -100.315653 468.412174 6.149349 -0.765768 2.989264 1.728949 2.330623 21.642832 69.377093 447.257502 6.103134 0.529596 3.133707 1.770228 2.386267 21.148463 76.601211 485.930450 6.186066 0.584742 3.367469 1.835067 2.473670 22.043830 
-453.537168 4306.930630 8.367981 -3.843535 21.726648 4.661185 6.283278 65.627210 313.134503 2659.857863 7.886028 2.653682 15.499139 3.936895 5.306934 51.573810 334.663973 3931.827446 8.276860 2.836135 25.276908 5.027615 6.777225 62.704286 -85.250461 400.447642 5.992583 -0.722462 2.871673 1.694601 2.284323 20.011188 55.653536 574.172448 6.352930 0.471640 4.643424 2.154861 2.904752 23.961896 94.809361 431.007227 6.066125 0.803469 3.007041 1.734082 2.337543 20.760714 
-432.777441 3952.521334 8.282109 -5.409718 20.141468 4.487925 6.049723 62.869081 311.370894 3921.025134 8.274108 3.892136 33.864090 5.819286 7.844398 62.618090 236.433580 2618.259459 7.870265 2.955420 23.993737 4.898340 6.602963 51.168931 -96.395677 372.103130 5.919171 -1.204946 3.199394 1.788685 2.411148 19.289975 66.231945 464.505757 6.140974 0.827899 5.120905 2.262942 3.050445 21.552396 59.078081 484.277422 6.182658 0.738476 5.508121 2.346939 3.163673 22.006304 
-369.492808 3351.763685 8.117242 -4.993146 20.362596 4.512493 6.082841 57.894418 356.232152 3677.547174 8.210001 4.813948 26.522488 5.149999 6.942199 60.642783 204.547511 2160.698324 7.678187 2.764156 21.558070 4.643067 6.258854 46.483312 -80.888879 414.319912 6.026638 -1.093093 4.404066 2.098587 2.828895 20.354850 69.678891 415.395345 6.029231 0.941607 4.726828 2.174127 2.930723 20.381250 42.175133 334.097995 5.811434 0.569934 4.190013 2.046952 2.759291 18.278348 
-376.502788 3686.365478 8.212396 -2.809722 19.615651 4.428956 5.970233 60.715447 468.547584 4676.950777 8.450402 3.496624 22.676240 4.761958 6.419119 68.388236 143.446305 2157.760564 7.676826 1.070495 14.956732 3.867393 5.213246 46.451701 -99.897647 371.413706 5.917317 -0.745505 2.215967 1.488612 2.006649 19.272097 73.583009 367.591470 5.906972 0.549127 2.441680 1.562587 2.106368 19.172675 34.800990 521.621306 6.256942 0.259709 3.825248 1.955824 2.636451 22.839030 
-463.375477 4435.868909 8.397479 -3.458026 21.145556 4.598430 6.198683 66.602319 388.630578 4021.283351 8.299356 2.900228 21.598254 4.647392 6.264685 63.413590 236.194819 2299.260220 7.740343 1.762648 14.051731 3.748564 5.053064 47.950602 -101.393337 436.386010 6.078527 -0.756667 2.684068 1.638312 2.208445 20.889854 72.775256 456.888111 6.124439 0.543099 3.114656 1.764839 2.379003 21.374941 60.035533 564.249394 6.335496 0.448026 4.010089 2.002521 2.699398 23.753934 
-482.238887 4019.143829 8.298824 -4.018657 17.343258 4.164524 5.613778 63.396718 348.076176 3202.032949 8.071541 2.900635 18.269926 4.274333 5.761802 56.586509 165.552386 1458.504272 7.285167 1.379603 10.250897 3.201702 4.315895 38.190369 -128.432524 366.500488 5.904000 -1.070271 1.908691 1.381554 1.862334 19.144202 60.755168 385.696198 5.955050 0.506293 2.957802 1.719826 2.318326 19.639150 47.929774 610.086077 6.413600 0.399415 4.924518 2.219126 2.991381 24.699921 
-448.561524 3680.825959 8.210892 -4.875669 16.236832 4.029495 5.431760 60.669811 303.663766 2558.912448 7.847338 3.300693 16.919691 4.113355 5.544803 50.585694 262.736887 1875.372402 7.536563 2.855836 12.228685 3.496954 4.713894 43.305570 -111.211430 510.623386 6.235632 -1.208820 4.089009 2.022130 2.725831 22.596977 64.103522 361.730221 5.890899 0.696777 3.446351 1.856435 2.502475 19.019207 78.278278 551.930600 6.313422 0.850851 5.275298 2.296802 3.096089 23.493203 
-504.109501 4829.629864 8.482525 -3.969366 22.272714 4.719398 6.361748 69.495538 372.151169 2756.733811 7.921802 2.930324 13.119766 3.622122 4.882620 52.504608 217.194221 3006.113096 8.008403 1.710191 20.745430 4.554715 6.139756 54.828032 -116.081636 465.985504 6.144155 -0.914029 2.833729 1.683368 2.269181 21.586697 48.192226 475.765982 6.164926 0.379466 3.602194 1.897945 2.558430 21.812060 58.303713 456.270028 6.123085 0.459084 3.381919 1.838999 2.478971 21.360478 
-467.741134 4386.447520 8.386275 -3.570543 20.735555 4.553631 6.138295 66.230261 450.115766 3807.097400 8.244622 3.435998 17.255728 4.154002 5.599594 61.701681 187.958117 2790.920828 7.934127 1.434795 19.246103 4.387038 5.913728 52.829166 -100.183831 598.926789 6.395139 -0.764762 3.987099 1.996772 2.691649 24.472981 88.216763 403.035677 5.999025 0.673410 2.623127 1.619607 2.183230 20.075748 59.429784 593.542098 6.386108 0.453662 4.325046 2.079675 2.803401 24.362719 
-485.181314 4698.816054 8.455066 -3.541469 21.755922 4.664324 6.287509 68.547911 473.531715 3759.667488 8.232086 3.456436 15.495879 3.936481 5.306376 61.316127 217.210531 2852.867764 7.956080 1.585478 18.310111 4.279032 5.768135 53.412244 -102.349554 538.101264 6.288047 -0.747077 3.369622 1.835653 2.474460 23.197010 77.672580 439.331502 6.085254 0.566953 2.885363 1.698636 2.289761 20.960236 84.419589 602.097386 6.400419 0.616201 4.015167 2.003788 2.701107 24.537673 
-477.154192 4102.187502 8.319276 -3.587626 17.972458 4.239394 5.714703 64.048322 519.727981 4210.144723 8.345252 3.907729 16.384876 4.047824 5.456466 64.885628 177.275951 2105.009716 7.652075 1.332902 14.050513 3.748401 5.052845 45.880385 -113.397826 559.971869 6.327887 -0.852615 3.483362 1.866377 2.515876 23.663725 100.374636 368.665542 5.909890 0.754697 2.202355 1.484033 2.000477 19.200665 69.328993 651.997384 6.480041 0.521271 4.630513 2.151863 2.900711 25.534239 
-476.407516 4644.101336 8.443353 -3.751240 22.495923 4.742987 6.393546 68.147644 487.468577 4801.531283 8.476690 3.838335 23.074515 4.803594 6.475245 69.293083 189.185460 2525.807278 7.834316 1.489649 17.669191 4.203474 5.666283 50.257410 -108.001655 491.402264 6.197263 -0.850407 3.146118 1.773730 2.390988 22.167595 78.416381 477.467412 6.168496 0.617452 3.378339 1.838026 2.477659 21.851028 58.154419 512.105119 6.238530 0.457909 3.822643 1.955158 2.635553 22.629740 
-433.744058 4251.460509 8.355018 -3.362357 21.651613 4.653129 6.272419 65.203225 457.612344 4826.780953 8.481935 3.547383 24.832984 4.983270 6.717449 69.475038 203.124492 2913.974068 7.977273 1.574608 20.109554 4.484368 6.044928 53.981238 -86.946053 426.298130 6.055139 -0.674000 2.850360 1.688301 2.275830 20.646988 72.174937 426.737851 6.056170 0.559496 2.995010 1.730610 2.332862 20.657634 62.295674 549.197675 6.308458 0.482912 4.024142 2.006026 2.704124 23.434967 
-467.276529 4468.766623 8.404868 -3.539974 21.322879 4.617670 6.224620 66.848834 512.073647 4984.716188 8.514132 3.879346 22.713677 4.765887 6.424416 70.602523 181.837141 2475.342796 7.814134 1.377554 16.854942 4.105477 5.534183 49.752817 -104.736024 485.455527 6.185088 -0.793455 3.048123 1.745887 2.353456 22.033055 77.284549 420.348117 6.041083 0.585489 2.841658 1.685722 2.272353 20.502393 63.668447 576.799412 6.357495 0.482337 4.137044 2.033972 2.741795 24.016649 
-540.304895 5375.248007 8.589560 -3.294542 21.921895 4.682082 6.311447 73.316083 532.480339 4969.029212 8.510980 3.246831 19.757045 4.444890 5.991712 70.491341 150.505263 3356.073690 8.118527 0.917715 19.621663 4.429635 5.971148 57.931629 -97.357864 508.731602 6.231921 -0.593646 2.749607 1.658194 2.235245 22.555079 77.251327 512.571309 6.239440 0.471045 2.903552 1.703981 2.296967 22.640038 85.449172 649.594044 6.476348 0.521032 3.689465 1.920798 2.589236 25.487135 
-443.511442 4723.939116 8.460398 -3.464933 24.900013 4.989991 6.726508 68.730918 501.061966 5288.666559 8.573321 3.914547 25.994032 5.098434 6.872690 72.723219 134.028101 2253.379346 7.720186 1.047095 16.508119 4.063018 5.476949 47.469773 -97.949706 482.915668 6.179842 -0.765232 3.187199 1.785273 2.406548 21.975342 95.590870 390.532495 5.967511 0.746804 2.493319 1.579025 2.128526 19.761895 42.916021 692.554805 6.540387 0.335281 5.298171 2.301776 3.102794 26.316436 
-444.768112 4773.829792 8.470904 -2.888105 22.657746 4.760015 6.416501 69.092907 563.279497 5688.282270 8.646164 3.657659 23.558428 4.853702 6.542791 75.420702 106.110791 1688.891453 7.431828 0.689031 10.492064 3.239146 4.366368 41.096125 -112.393290 584.555496 6.370852 -0.729827 3.263168 1.806424 2.435060 24.177583 95.514913 442.093591 6.091522 0.620227 2.486056 1.576723 2.125423 21.026022 40.868675 625.525128 6.438592 0.265381 3.991424 1.997855 2.693109 25.010500 
-486.667561 4931.049727 8.503307 -3.686875 23.763387 4.874770 6.571191 70.221434 402.699103 3263.827361 8.090656 3.050751 15.418885 3.926689 5.293177 57.129917 183.839153 2292.134547 7.737239 1.392721 15.424984 3.927465 5.294224 47.876242 -124.895479 550.496930 6.310821 -0.946178 3.275179 1.809745 2.439537 23.462671 60.153117 504.958404 6.224476 0.455705 3.617775 1.902045 2.563957 22.471280 62.801160 513.033090 6.240340 0.475766 3.660261 1.913181 2.578968 22.650234 
-432.470891 4345.198138 8.376827 -3.459767 22.791597 4.774055 6.435426 65.918117 408.037076 3703.720203 8.217093 3.264297 18.974129 4.355930 5.871794 60.858198 171.460806 2666.395623 7.888483 1.371686 19.449641 4.410175 5.944916 51.637154 -94.303569 373.536386 5.923015 -0.754429 2.419129 1.555355 2.096618 19.327089 59.993763 442.373239 6.092154 0.479950 3.308634 1.818965 2.451965 21.032671 47.033247 560.756292 6.329286 0.376266 4.344474 2.084340 2.809691 23.680293 
-470.481319 4366.184370 8.381645 -4.277103 21.398976 4.625903 6.235717 66.077109 293.099046 3170.761080 8.061727 2.664537 21.725344 4.661045 6.283089 56.309511 144.163050 2445.269940 7.801911 1.310573 20.512125 4.529031 6.105134 49.449671 -102.511455 340.317898 5.829880 -0.931922 2.225320 1.491751 2.010880 18.447707 49.076699 412.966125 6.023366 0.446152 3.555186 1.885520 2.541681 20.321568 47.909068 536.827338 6.285677 0.435537 4.690556 2.165769 2.919457 23.169535 
-407.272480 3826.001909 8.249576 -3.016833 19.239472 4.386282 5.912709 61.854684 474.746132 4488.774311 8.409335 3.516638 20.883437 4.569840 6.160144 66.998316 110.093238 2049.034904 7.625124 0.815505 14.512987 3.809591 5.135329 45.266267 -93.775388 452.180264 6.114081 -0.694633 2.866969 1.693213 2.282451 21.264531 66.478690 363.279072 5.895171 0.492435 2.448464 1.564757 2.109292 19.059881 39.462507 511.348990 6.237052 0.292315 3.702322 1.924142 2.593743 22.613027 
-483.995344 5187.294528 8.553968 -3.611906 25.665291 5.066092 6.829093 72.022875 478.712663 4445.988976 8.399758 3.572483 20.416391 4.518450 6.090871 66.678250 125.263309 2239.874322 7.714175 0.934801 15.841627 3.980154 5.365248 47.327311 -114.457525 541.349814 6.294066 -0.854161 3.310334 1.819432 2.452595 23.266925 79.727573 453.531149 6.117064 0.594982 3.030557 1.740850 2.346665 21.296271 46.379616 573.696204 6.352100 0.346117 4.161518 2.039980 2.749893 23.951956 
-465.062327 5055.794004 8.528290 -3.811986 26.909695 5.187456 6.992690 71.104107 378.280023 3283.677166 8.096719 3.100656 17.301319 4.159485 5.606987 57.303378 226.314731 3278.090142 8.095016 1.855039 23.428422 4.840292 6.524713 57.254608 -93.130095 513.011526 6.240298 -0.763361 3.622292 1.903232 2.565557 22.649758 55.206621 557.983424 6.324329 0.452513 4.368866 2.090183 2.817567 23.621673 78.020554 380.779404 5.942220 0.639513 2.712166 1.646866 2.219975 19.513570 
-402.400265 4602.254724 8.434302 -3.410172 27.372887 5.231910 7.052616 67.839920 401.017018 4469.886322 8.405118 3.398449 26.330935 5.131368 6.917084 66.857208 212.689576 2811.857698 7.941601 1.802454 20.580462 4.536569 6.115296 53.026953 -81.213975 446.572220 6.101601 -0.688254 3.310817 1.819565 2.452774 21.132255 65.225038 443.751469 6.095265 0.552755 3.455068 1.858781 2.505637 21.065409 54.020814 390.520836 5.967481 0.457804 3.099915 1.760657 2.373366 19.761600 
-374.008846 3882.907313 8.264339 -2.992071 22.110771 4.702209 6.338578 62.312979 443.481739 4119.800787 8.323560 3.547854 20.371139 4.513440 6.084117 64.185674 151.939690 2559.924862 7.847733 1.215518 19.001916 4.359119 5.876092 50.595700 -62.382765 515.963193 6.246035 -0.499062 3.878643 1.969427 2.654788 22.714823 64.475910 449.362489 6.107830 0.515807 3.328843 1.824512 2.459442 21.198172 66.120570 370.484946 5.914813 0.528965 2.684076 1.638315 2.208449 19.247986 
-379.687669 3163.537272 8.059446 -3.061997 16.136570 4.017035 5.414963 56.245331 419.810845 3597.855349 8.188093 3.385571 17.552869 4.189614 5.647600 59.982125 117.015329 1856.712945 7.526563 0.943672 14.082975 3.752729 5.058679 43.089592 -87.220413 414.511873 6.027102 -0.703390 2.848080 1.687625 2.274919 20.359565 65.248322 290.069797 5.670122 0.526196 2.062390 1.436102 1.935866 17.031436 34.579832 511.298018 6.236953 0.278870 4.045603 2.011368 2.711325 22.611900 
-353.855844 3282.019320 8.096214 -2.701190 17.757157 4.213924 5.680370 57.288911 432.838687 3956.690742 8.283163 3.304112 19.286589 4.391650 5.919944 62.902232 136.994599 2525.422622 7.834164 1.045760 18.184421 4.264319 5.748303 50.253583 -87.524073 384.207605 5.951183 -0.668123 2.486495 1.576862 2.125610 19.601214 76.916043 356.376485 5.875988 0.587145 2.375692 1.541328 2.077710 18.877936 49.189660 477.366047 6.168284 0.375494 3.503020 1.871636 2.522965 21.848708 
-418.523434 4147.267098 8.330205 -3.517004 22.481669 4.741484 6.391521 64.399279 433.951135 4685.278981 8.452181 3.646648 26.074049 5.106275 6.883260 68.449098 192.542188 2134.518141 7.665996 1.618002 15.319198 3.913975 5.276038 46.200846 -90.175895 487.754315 6.189812 -0.757781 3.524544 1.877377 2.530704 22.085161 69.423673 417.719174 6.034809 0.583392 3.169899 1.780421 2.400008 20.438179 57.812918 504.380713 6.223331 0.485823 4.002470 2.000617 2.696832 22.458422 
-419.315939 3949.002352 8.281218 -3.225507 19.973044 4.469121 6.024376 62.841088 481.882703 4333.393037 8.374106 3.706790 19.593500 4.426455 5.966861 65.828512 145.816024 2381.693576 7.775567 1.121662 17.062595 4.130689 5.568169 48.802598 -95.490340 466.774349 6.145846 -0.734541 3.051021 1.746717 2.354575 21.604961 76.741559 458.121329 6.127134 0.590320 3.175533 1.782002 2.402139 21.403769 48.901470 476.311782 6.166073 0.376165 3.522437 1.876816 2.529947 21.824568 
-410.767092 4170.848065 8.335875 -3.366943 22.850971 4.780269 6.443803 64.582103 425.139247 3835.368036 8.252021 3.484748 19.293975 4.392491 5.921078 61.930348 178.672752 2237.035883 7.712907 1.464531 16.191509 4.023867 5.424174 47.297314 -95.590404 474.486161 6.162232 -0.783528 3.275315 1.809783 2.439588 21.782703 67.752547 438.246103 6.082781 0.555349 3.283769 1.812117 2.442734 20.934328 44.522404 421.297719 6.043340 0.364938 3.320080 1.822109 2.456203 20.525538 
-455.181581 4505.157853 8.412978 -3.396877 22.081804 4.699128 6.334425 67.120473 458.068452 4655.800186 8.445869 3.418421 23.059173 4.801997 6.473092 68.233424 120.472754 2088.823591 7.644356 0.899050 14.779944 3.844469 5.182345 45.703650 -101.966103 439.718015 6.086134 -0.760941 2.702446 1.643912 2.215993 20.969454 73.834818 396.177301 5.981862 0.551006 2.652939 1.628785 2.195602 19.904203 42.556535 537.375334 6.286697 0.317586 3.909403 1.977221 2.665294 23.181357 
-452.738964 4440.572392 8.398539 -3.482607 22.029695 4.693580 6.326946 66.637620 483.408446 4224.734312 8.348712 3.718527 18.670517 4.320939 5.824626 64.997956 70.583147 1877.990187 7.537957 0.542947 14.151287 3.761820 5.070933 43.335784 -97.097772 478.920130 6.171534 -0.746906 3.126133 1.768087 2.383382 21.884244 67.609064 415.385426 6.029207 0.520070 2.924800 1.710205 2.305356 20.381006 25.698003 435.529030 6.076561 0.197677 3.311147 1.819656 2.452896 20.869332 
-482.592691 4966.920042 8.510555 -3.860742 24.830035 4.982975 6.717050 70.476379 447.793046 4053.442009 8.307322 3.582344 19.594345 4.426550 5.966990 63.666648 128.032229 2511.983813 7.828828 1.024258 19.046766 4.364260 5.883023 50.119695 -110.248635 386.427523 5.956944 -0.881989 2.313515 1.521024 2.050341 19.657760 65.119779 395.755201 5.980796 0.520958 2.894644 1.701365 2.293441 19.893597 44.048425 603.223971 6.402289 0.352387 4.701615 2.168321 2.922896 24.560618 
-423.477179 4631.451184 8.440626 -5.572068 29.892204 5.467376 7.370024 68.054766 357.035957 3920.441184 8.273959 4.697842 29.515037 5.432774 7.323380 62.613427 190.452621 2389.274905 7.778745 2.505956 25.158015 5.015777 6.761267 48.880210 -84.769359 432.695202 6.070034 -1.115386 4.449271 2.109330 2.843376 20.801327 55.861974 418.784126 6.037356 0.735026 4.970054 2.229362 3.005180 20.464216 47.129883 412.322677 6.021806 0.620130 5.040737 2.245159 3.026474 20.305730 
-330.924349 3178.957339 8.064309 -2.902845 19.459081 4.411245 5.946358 56.382243 363.615918 3621.244893 8.194573 3.189613 21.591673 4.646684 6.263730 60.176780 211.838558 2765.968045 7.925146 1.858233 20.809848 4.561781 6.149281 52.592471 -52.860190 450.225349 6.109748 -0.463686 3.734341 1.932444 2.604935 21.218514 59.963851 467.622086 6.147660 0.525999 3.825273 1.955831 2.636460 21.624571 55.850035 276.970390 5.623911 0.489913 2.189550 1.479713 1.994653 16.642427 
-418.613893 4310.061571 8.368707 -3.608740 24.132696 4.912504 6.622056 65.651059 297.894085 2918.778978 7.978921 2.568052 18.566994 4.308944 5.808456 54.025725 192.543049 3385.138227 8.127150 1.659854 26.427111 5.140731 6.929705 58.181941 -89.074873 323.941307 5.780562 -0.767887 2.202947 1.484233 2.000746 17.998370 49.351963 518.924538 6.251758 0.425448 4.292481 2.071830 2.792828 22.779915 47.484440 346.905237 5.849052 0.409349 2.822996 1.680177 2.264879 18.625392 
-419.997531 4276.560569 8.360904 -3.749978 24.121242 4.911338 6.620484 65.395417 422.720084 4128.822820 8.325748 3.774286 22.619251 4.755970 6.411048 64.255917 94.534020 2725.932307 7.910566 0.844054 23.626255 4.860685 6.552203 52.210462 -75.678612 350.692372 5.859909 -0.675702 2.674609 1.635423 2.204550 18.726782 61.021338 373.524564 5.922984 0.544833 3.038197 1.743043 2.349621 19.326784 26.385517 458.467777 6.127890 0.235585 4.037962 2.009468 2.708763 21.411861 
-465.901576 5208.481182 8.558044 -3.668516 27.553651 5.249157 7.075864 72.169808 517.376156 5665.292916 8.642114 4.073828 28.012531 5.292687 7.134542 75.268140 151.055089 2374.904263 7.772712 1.189410 17.285337 4.157564 5.604396 48.732989 -82.687643 412.676847 6.022665 -0.651084 2.825514 1.680926 2.265889 20.314449 73.050216 373.950164 5.924123 0.575199 2.613636 1.616674 2.179277 19.337791 58.001011 601.259060 6.399026 0.456701 4.525748 2.127380 2.867709 24.520584 
-437.051096 5335.188420 8.582079 -3.937397 32.561663 5.706283 7.692069 73.042374 430.376028 5060.239378 8.529169 3.877262 30.554585 5.527620 7.451232 71.135360 243.701319 4539.646734 8.420604 2.195507 36.077466 6.006452 8.096698 67.376901 -76.448676 521.692965 6.257079 -0.688727 4.225592 2.055624 2.770982 22.840599 59.372910 574.295088 6.353143 0.534891 4.887721 2.210819 2.980184 23.964455 68.646126 351.355056 5.861797 0.618434 2.782901 1.668203 2.248738 18.744467 
-491.924579 6364.443932 8.758482 -3.813369 34.794993 5.898728 7.951486 79.777465 493.245121 5450.931704 8.603542 3.823606 27.635325 5.256931 7.086343 73.830425 205.361015 4006.208411 8.295601 1.591946 28.521588 5.340561 7.199076 63.294616 -95.976607 483.225116 6.180483 -0.744005 3.192388 1.786726 2.408506 21.982382 66.255466 518.563096 6.251062 0.513608 3.756076 1.938060 2.612505 22.771981 73.934898 601.481536 6.399396 0.573139 4.334160 2.081864 2.806353 24.525121 
-490.744107 6023.136470 8.703363 -3.338395 29.828834 5.461578 7.362207 77.608869 487.682350 4796.487663 8.475639 3.317567 21.622917 4.650045 6.268261 69.256680 282.563083 5512.007070 8.614684 1.922198 33.801802 5.813932 7.837180 74.242892 -90.853826 629.725521 6.445284 -0.618053 3.901857 1.975312 2.662721 25.094332 70.046458 574.677854 6.353810 0.476507 3.682315 1.918936 2.586726 23.972439 97.400092 557.574175 6.323596 0.662586 3.354002 1.831393 2.468718 23.613009 
-503.692281 6946.071478 8.845932 -3.335710 34.873509 5.905380 7.960452 83.343095 561.344005 7719.112623 8.951455 3.717510 37.300071 6.107378 8.232746 87.858481 191.772863 6297.245045 8.747868 1.270019 40.090661 6.331719 8.535157 79.355183 -101.965441 667.008254 6.502802 -0.675268 3.961287 1.990298 2.682922 25.826503 77.867883 627.447892 6.441661 0.515681 3.889357 1.972145 2.658452 25.048910 81.975270 618.888462 6.427925 0.542883 3.803878 1.950353 2.629076 24.877469 
-423.712501 4989.028389 8.514996 -3.417036 28.557963 5.343965 7.203665 70.633055 414.605757 6320.241828 8.751513 3.343595 39.790066 6.307937 8.503099 79.499949 202.925906 5086.086644 8.534264 1.636499 38.338698 6.191825 8.346581 71.316805 -76.284603 429.903708 6.063561 -0.615198 3.088496 1.757412 2.368991 20.734119 56.159621 519.591620 6.253043 0.452900 3.985136 1.996281 2.690986 22.794552 59.927027 459.615413 6.130390 0.483282 3.473014 1.863602 2.512136 21.438643 
-430.909894 5613.824544 8.632988 -3.882071 35.504520 5.958567 8.032148 74.925460 464.865161 6279.822993 8.745097 4.187974 39.035852 6.247868 8.422126 79.245334 231.077943 4143.950224 8.329405 2.081783 32.999063 5.744481 7.743561 64.373521 -79.438156 531.691943 6.276064 -0.715659 4.277850 2.068296 2.788064 23.058446 60.262704 531.154196 6.275052 0.542907 4.490425 2.119062 2.856496 23.046783 51.106028 380.977157 5.942739 0.460415 3.220245 1.794504 2.418992 19.518636 
-396.858972 5595.947878 8.629798 -3.076426 33.915043 5.823662 7.850297 74.806068 516.942871 5376.419254 8.589778 4.007309 25.619143 5.061536 6.822950 73.324070 248.718226 4479.047777 8.407166 1.928048 31.003930 5.568117 7.505822 66.925688 -93.709061 499.273846 6.213155 -0.726427 3.342644 1.828290 2.464535 22.344437 74.645681 638.992049 6.459892 0.578649 4.618592 2.149091 2.896975 25.278292 65.577086 393.249729 5.974445 0.508350 2.790028 1.670338 2.251615 19.830525 
-445.539284 5172.116101 8.551037 -3.564314 28.672593 5.354680 7.218108 71.917426 491.077549 5174.143036 8.551429 3.928620 25.959086 5.095006 6.868068 71.931516 249.279159 4771.055244 8.470323 1.994233 34.191476 5.847348 7.882225 69.072826 -97.708073 630.298335 6.446193 -0.781665 4.431387 2.105086 2.837656 25.105743 76.131154 596.127214 6.390454 0.609049 4.398077 2.097159 2.826971 24.415717 69.191201 417.512025 6.034313 0.553530 3.033701 1.741752 2.347882 20.433111 
-412.097927 5015.240230 8.520237 -2.986217 27.424829 5.236872 7.059304 70.818361 453.554340 4706.756808 8.456754 3.286626 23.305025 4.827528 6.507508 68.605807 175.978721 3529.373725 8.168876 1.275208 23.949016 4.893773 6.596807 59.408532 -106.633838 453.363363 6.116694 -0.772709 2.688163 1.639562 2.210129 21.292331 68.554933 518.323122 6.250599 0.496775 3.509179 1.873280 2.525182 22.766711 44.505743 505.347550 6.225246 0.322505 3.557929 1.886247 2.542662 22.479937 
-349.468684 4056.963225 8.308190 -2.795749 24.639491 4.963818 6.691227 63.694295 367.183079 4665.389009 8.447926 2.937465 28.694414 5.356717 7.220854 68.303653 154.217391 2341.257740 7.758444 1.233739 17.207950 4.148247 5.591837 48.386545 -66.729013 323.365187 5.778782 -0.533832 2.301945 1.517216 2.045207 17.982358 49.917148 401.465794 5.995122 0.399337 3.052256 1.747071 2.355051 20.036611 45.648928 417.894833 6.035230 0.365191 3.209794 1.791590 2.415063 20.442476 
-403.336340 4518.068541 8.415840 -2.965708 24.425666 4.942233 6.662130 67.216579 497.013488 4930.208580 8.503137 3.654511 22.896083 4.784985 6.450160 70.215444 153.832779 2464.389329 7.809699 1.131123 16.841070 4.103787 5.531905 49.642616 -102.355814 428.199498 6.059589 -0.752616 2.582094 1.606890 2.166087 20.692982 72.623429 534.486138 6.281306 0.533996 3.644894 1.909160 2.573548 23.118956 18.754297 420.591981 6.041663 0.137899 3.073572 1.753161 2.363261 20.508339 
-398.698232 4333.425279 8.374114 -3.066909 23.928107 4.891636 6.593926 65.828757 381.285321 4201.660453 8.343235 2.932964 23.718187 4.870132 6.564938 64.820216 156.313899 3095.724532 8.037777 1.202415 22.367465 4.729425 6.375266 55.639236 -79.069103 352.952495 5.866333 -0.608224 2.345083 1.531366 2.064282 18.787030 50.764579 471.364971 6.155633 0.390497 3.473397 1.863705 2.512275 21.710941 47.235464 378.046255 5.935017 0.363350 2.776025 1.666141 2.245958 19.443412 
-483.758940 5697.105640 8.647714 -3.455421 28.753677 5.362246 7.228307 75.479174 481.775817 4231.009553 8.350196 3.441256 18.379255 4.287103 5.779016 65.046211 109.058269 3541.386166 8.172274 0.778988 24.688794 4.968782 6.697918 59.509547 -112.078568 433.855719 6.072712 -0.800561 2.458071 1.567824 2.113426 20.829204 60.507345 589.407356 6.379118 0.432195 4.023260 2.005807 2.703827 24.277713 37.105879 518.358914 6.250668 0.265042 3.632316 1.905864 2.569104 22.767497 
-420.393405 5455.853368 8.604444 -2.879407 29.077875 5.392390 7.268943 73.863749 511.001366 4691.880979 8.453589 3.500009 19.886106 4.459384 6.011250 68.497306 256.590506 4423.335852 8.394649 1.757469 27.208123 5.216141 7.031358 66.508164 -95.805189 591.893874 6.383327 -0.656200 3.623469 1.903541 2.565974 24.328869 64.448738 550.890187 6.311535 0.441430 3.578360 1.891655 2.549952 23.471050 68.804072 499.660172 6.213928 0.471261 3.200243 1.788922 2.411467 22.353080 
-316.661613 4842.287412 8.485142 -2.473919 31.710096 5.631172 7.590820 69.586546 484.093115 4917.794312 8.500615 3.781977 24.116915 4.910898 6.619890 70.126987 268.792602 3636.665974 8.198823 2.099942 24.001696 4.899153 6.604058 60.304776 -80.676410 659.317225 6.491205 -0.630284 4.753657 2.180288 2.939029 25.677173 86.530586 478.917090 6.171527 0.676020 3.284536 1.812329 2.443020 21.884174 68.917885 445.272295 6.098686 0.538421 3.188793 1.785719 2.407149 21.101476 
-397.337770 4762.340448 8.468495 -3.713437 30.718240 5.542404 7.471161 69.009713 399.805464 4199.753017 8.342781 3.736500 25.288598 5.028777 6.778792 64.805501 233.622658 3575.253781 8.181791 2.183389 28.646398 5.352233 7.214810 59.793426 -76.732936 487.179435 6.188633 -0.717130 4.038803 2.009677 2.709045 22.072142 61.252297 551.506124 6.312653 0.572451 4.826562 2.196944 2.961480 23.484168 37.323459 240.204064 5.481489 0.348817 2.123224 1.457129 1.964210 15.498518 