-199.424340 904.820192 6.807736 -2.014387 5.081842 2.254294 3.038789 30.080229 38.643949 1512.156309 7.321292 0.390343 15.121939 3.888694 5.241959 38.886454 73.045675 2900.769014 7.972731 0.737835 28.756296 5.362490 7.228636 53.858788 -10.868173 34.485337 3.540534 -0.109780 0.336285 0.579901 0.781707 5.872422 0.323947 165.250968 5.107465 0.003272 1.669191 1.291972 1.741578 12.854998 11.002992 106.260933 4.665898 0.111141 1.060990 1.030044 1.388499 10.308294 
-163.192796 695.670981 6.544877 -1.584396 4.243776 2.060043 2.776938 26.375575 46.899994 1364.106148 7.218255 0.455340 13.036415 3.610598 4.867086 36.933808 71.459646 1936.322936 7.568546 0.693783 18.317917 4.279944 5.769364 44.003670 -21.147210 51.621004 3.943929 -0.205313 0.459021 0.677511 0.913285 7.184776 7.978730 138.858822 4.933458 0.077463 1.342143 1.158509 1.561670 11.783837 12.273488 105.030036 4.654246 0.119160 1.005510 1.002751 1.351709 10.248416 
-163.043372 600.333783 6.397486 -1.468859 3.250865 1.803016 2.430465 24.501710 23.966547 1467.999382 7.291656 0.215915 13.178600 3.630234 4.893556 38.314480 58.464531 1997.962599 7.599883 0.526707 17.722242 4.209779 5.674783 44.698575 -17.414010 33.858070 3.522177 -0.156883 0.280415 0.529543 0.713823 5.818769 6.891114 123.799611 4.818664 0.062082 1.111458 1.054257 1.421138 11.126527 10.707386 101.270804 4.617798 0.096463 0.903044 0.950287 1.280986 10.063340 
-184.309944 706.871568 6.560849 -1.561949 3.550753 1.884344 2.540096 26.587056 13.534381 1564.909200 7.355583 0.114698 13.248787 3.639888 4.906570 39.558933 69.298637 2066.263770 7.633497 0.587277 17.165816 4.143165 5.584987 45.456174 -18.789753 27.499378 3.314163 -0.159235 0.207690 0.455730 0.614324 5.243985 6.554435 148.829987 5.002805 0.055546 1.258186 1.121689 1.512037 12.199590 15.182178 124.236066 4.822184 0.128663 1.036294 1.017985 1.372244 11.146123 
-221.335734 918.024505 6.822224 -1.976212 4.291234 2.071529 2.792422 30.298919 30.411175 1546.481086 7.343737 0.271528 13.734139 3.705960 4.995634 39.325324 75.860558 2367.305518 7.769508 0.677326 20.677885 4.547294 6.129753 48.654964 -20.021883 41.891337 3.735079 -0.178767 0.342072 0.584869 0.788404 6.472352 5.786029 195.034861 5.273178 0.051661 1.738714 1.318603 1.777477 13.965488 13.709543 120.753723 4.793753 0.122407 1.063175 1.031104 1.389928 10.988800 
-232.351496 1022.765126 6.930265 -2.074567 4.828004 2.197272 2.961923 31.980699 52.101292 1448.790453 7.278484 0.465190 12.719227 3.566403 4.807511 38.062980 65.236564 2570.137112 7.851715 0.582469 22.608382 4.754827 6.409507 50.696520 -21.136275 36.032403 3.584419 -0.188717 0.286104 0.534887 0.721027 6.002700 7.109892 202.282243 5.309664 0.063481 1.802062 1.342409 1.809567 14.222596 15.547474 117.435617 4.765890 0.138817 1.029262 1.014526 1.367581 10.836772 
-209.373508 822.438305 6.712273 -1.804944 3.832162 1.957591 2.638833 28.678185 47.038622 1470.025362 7.293035 0.405505 12.508198 3.536693 4.767462 38.340910 66.651028 2322.857348 7.750553 0.574578 19.694493 4.437848 5.982219 48.196030 -25.981702 39.253096 3.670030 -0.223980 0.288222 0.536863 0.723691 6.265229 5.108982 171.790830 5.146278 0.044043 1.479016 1.216148 1.639367 13.106900 13.149498 130.137421 4.868591 0.113358 1.109024 1.053102 1.419582 11.407779 
-180.995691 693.157495 6.541257 -1.707507 3.623643 1.903587 2.566035 26.327884 28.524961 1351.766161 7.209167 0.269103 12.680094 3.560912 4.800110 36.766373 60.227813 2227.073296 7.708444 0.568187 20.687289 4.548328 6.131147 47.191877 -14.644585 33.184197 3.502074 -0.138156 0.293971 0.542191 0.730874 5.760573 11.533043 164.507686 5.102957 0.108802 1.540121 1.241016 1.672890 12.826055 4.601595 109.576654 4.696624 0.043411 1.031857 1.015804 1.369304 10.467887 
-215.532013 835.348828 6.727849 -1.977358 3.753806 1.937474 2.611715 28.902402 36.667646 1381.891275 7.231208 0.336400 12.564736 3.544677 4.778225 37.173798 56.751088 2319.804128 7.749238 0.520652 21.011528 4.583833 6.179008 48.164345 -17.860407 37.490339 3.624083 -0.163857 0.317099 0.563115 0.759080 6.122936 5.252142 166.371803 5.114225 0.048185 1.524025 1.234514 1.664125 12.898519 22.329435 124.420025 4.823663 0.204857 1.099502 1.048571 1.413474 11.154372 
-220.759236 1018.243576 6.925834 -2.143294 5.292153 2.300468 3.101031 31.909929 70.144114 1892.159836 7.545474 0.681011 17.906708 4.231632 5.704240 43.498964 69.881215 2809.748152 7.940850 0.678458 26.818802 5.178687 6.980871 53.007058 -22.009133 54.413466 3.996612 -0.213681 0.482627 0.694713 0.936474 7.376548 14.984818 165.507114 5.109014 0.145484 1.585700 1.259246 1.697463 12.864957 17.794329 168.037680 5.124188 0.172760 1.601588 1.265538 1.705946 12.962935 
-196.228897 914.526908 6.818407 -1.982110 5.308885 2.304102 3.105929 30.241146 53.131861 1714.932235 7.447129 0.536685 17.034517 4.127289 5.563586 41.411740 55.261442 2393.275988 7.780418 0.558196 23.862922 4.884969 6.584938 48.921120 -23.579425 47.139822 3.853118 -0.238176 0.419432 0.647636 0.873013 6.865845 3.753192 168.933432 5.129505 0.037911 1.704961 1.305742 1.760140 12.997439 12.917534 116.210053 4.755399 0.130480 1.156814 1.075553 1.449845 10.780077 
-233.549639 1012.663650 6.920339 -2.267472 4.690256 2.165700 2.919363 31.822377 49.245517 1504.042959 7.315912 0.478112 14.373768 3.791275 5.110639 38.781993 56.635698 2981.971579 8.000340 0.549861 28.648833 5.352460 7.215117 54.607432 -21.074110 41.355590 3.722208 -0.204603 0.359648 0.599707 0.808405 6.430831 9.601941 234.728736 5.458431 0.093223 2.270229 1.506728 2.031069 15.320859 9.880392 115.965589 4.753294 0.095926 1.116678 1.056730 1.424472 10.768732 
-242.718012 1050.914745 6.957416 -2.356486 4.650032 2.156393 2.906818 32.417815 17.256436 2040.428422 7.620915 0.167538 19.781916 4.447687 5.995482 45.171102 47.373137 2493.272746 7.821351 0.459933 23.994993 4.898468 6.603136 49.932682 -27.335095 46.490092 3.839239 -0.265389 0.380929 0.617194 0.831978 6.818364 11.057814 183.006574 5.209522 0.107357 1.765237 1.328622 1.790983 13.527992 22.861745 175.035301 5.164988 0.221959 1.650106 1.284565 1.731593 13.230091 
-261.226736 1161.278197 7.057277 -2.441371 4.892773 2.211961 2.981724 34.077532 -12.854394 1776.548214 7.482428 -0.120135 16.588822 4.072938 5.490320 42.149119 64.930904 2732.188928 7.912858 0.606831 25.166232 5.016596 6.762371 52.270345 -31.552216 33.522569 3.512219 -0.294881 0.226341 0.475753 0.641315 5.789868 8.207882 262.226784 5.569210 0.076709 2.444833 1.563596 2.107728 16.193418 15.455789 165.141176 5.106801 0.144447 1.522511 1.233901 1.663298 12.850727 
-264.691100 1241.551534 7.124117 -2.169599 5.469491 2.338694 3.152560 35.235657 -0.856430 1690.612853 7.432846 -0.007020 13.857433 3.722557 5.018007 41.117063 84.145227 2743.681604 7.917056 0.689715 22.013487 4.691853 6.324618 52.380164 -36.140582 52.376492 3.958458 -0.296234 0.341561 0.584432 0.787814 7.237160 7.084900 267.897134 5.590603 0.058073 2.192506 1.480711 1.995999 16.367563 25.957303 181.718124 5.202457 0.212765 1.444224 1.201759 1.619971 13.480286 
-279.706175 1337.792148 7.198776 -2.350472 5.717232 2.391073 3.223167 36.575841 31.007795 1814.803765 7.503733 0.260570 15.182555 3.896480 5.252455 42.600514 75.793477 2811.092874 7.941329 0.636920 23.216962 4.818398 6.495201 53.019740 -22.017825 36.142566 3.587471 -0.185024 0.269485 0.519120 0.699773 6.011869 1.767692 253.545699 5.535544 0.014855 2.130415 1.459594 1.967533 15.923118 11.654801 149.890979 5.009908 0.097940 1.249996 1.118032 1.507107 12.242997 
-173.497452 583.789071 6.369540 -1.495668 2.795643 1.672018 2.253880 24.161727 26.860961 1620.685489 7.390604 0.231560 13.917807 3.730658 5.028927 40.257738 46.108646 2061.038411 7.630965 0.397488 17.609576 4.196376 5.656716 45.398661 -34.079520 47.475596 3.860216 -0.293789 0.322960 0.568296 0.766063 6.890254 14.216288 142.017129 4.955948 0.122554 1.209266 1.099666 1.482350 11.917094 19.592374 161.185052 5.082553 0.168900 1.360999 1.166619 1.572602 12.695868 
-223.698418 914.529483 6.818410 -1.895749 4.156384 2.038721 2.748196 30.241189 36.800718 1765.214204 7.476027 0.311870 14.862179 3.855150 5.196742 42.014452 63.321979 2022.441646 7.612061 0.536627 16.851368 4.105042 5.533596 44.971565 -30.242865 44.042319 3.785151 -0.256295 0.307553 0.554574 0.747566 6.636439 10.131905 185.619437 5.223699 0.085864 1.565674 1.251269 1.686710 13.624222 20.261542 157.563248 5.059827 0.171708 1.305798 1.142715 1.540380 12.552420 
-282.178978 1422.514671 7.260181 -2.687419 6.325539 2.515062 3.390304 37.716239 21.938170 2180.884103 7.687486 0.208935 20.726671 4.552655 6.136980 46.699937 75.028491 3223.143774 8.078112 0.714557 30.186016 5.494180 7.406155 56.772738 -27.166659 52.375419 3.958437 -0.258730 0.431872 0.657170 0.885865 7.237086 12.275967 246.560095 5.507606 0.116914 2.334523 1.527914 2.059629 15.702232 22.120899 179.739067 5.191506 0.210675 1.667417 1.291285 1.740652 13.406680 
-274.307639 1424.831789 7.261809 -2.471240 6.729295 2.594089 3.496831 37.746944 35.016073 2016.459929 7.609099 0.315460 18.066791 4.250505 5.729681 44.905010 94.260936 3016.624440 8.011894 0.849198 26.455660 5.143507 6.933447 54.923806 -27.228503 67.433215 4.211138 -0.245302 0.547333 0.739820 0.997277 8.211773 10.608228 253.058792 5.533622 0.095570 2.270675 1.506876 2.031269 15.907822 23.225778 152.553234 5.027514 0.209241 1.330572 1.153504 1.554924 12.351244 
-250.765186 1127.727147 7.027960 -2.199695 5.053687 2.248041 3.030359 33.581649 26.432477 1899.765200 7.549486 0.231864 16.610846 4.075641 5.493964 43.586296 68.767473 2991.706606 8.003599 0.603223 25.879162 5.087157 6.857487 54.696495 -26.093062 39.123563 3.666725 -0.228887 0.290800 0.539259 0.726921 6.254883 12.660486 214.746433 5.369458 0.111057 1.871407 1.367994 1.844056 14.654229 22.832986 146.840646 4.989348 0.200289 1.247960 1.117121 1.505880 12.117782 
-238.720665 1072.720984 6.977954 -2.094041 5.024826 2.241612 3.021694 32.752420 32.163690 1495.280882 7.310069 0.282138 13.036897 3.610664 4.867176 38.668862 77.674484 2372.902649 7.771869 0.681355 20.350691 4.511174 6.081063 48.712449 -24.970092 45.821270 3.824748 -0.219036 0.353964 0.594949 0.801991 6.769141 4.827183 213.630283 5.364247 0.042344 1.872157 1.368268 1.844425 14.616097 19.967074 131.376634 4.878068 0.175150 1.121749 1.059127 1.427703 11.461965 
-248.814701 1063.110776 6.968955 -2.201900 4.559696 2.135345 2.878445 32.605380 32.107040 1731.396102 7.456683 0.284133 15.241358 3.904018 5.262617 41.610048 63.002338 2735.341773 7.914012 0.557543 23.895710 4.888324 6.589461 52.300495 -22.865486 43.024163 3.761762 -0.202349 0.339800 0.582923 0.785781 6.559281 13.103785 220.407269 5.395477 0.115963 1.937059 1.391783 1.876123 14.846120 24.140356 160.482928 5.078188 0.213631 1.374564 1.172418 1.580420 12.668186 
-288.182370 1382.467187 7.231625 -2.596238 5.714210 2.390441 3.222315 37.181544 12.869956 1948.992377 7.575068 0.115946 17.545047 4.188681 5.646342 44.147394 50.487747 3010.522209 8.009869 0.454845 26.914938 5.187961 6.993372 54.868226 -23.555270 26.273503 3.268561 -0.212210 0.191665 0.437796 0.590149 5.125769 4.552500 251.512572 5.527493 0.041014 2.264197 1.504725 2.028369 15.859148 17.934975 161.906748 5.087021 0.161576 1.432512 1.196876 1.613389 12.724258 
-216.109490 1026.710548 6.934115 -2.001014 5.502523 2.345746 3.162065 32.042324 32.503462 1805.969673 7.498853 0.300958 16.631366 4.078157 5.497356 42.496702 89.935725 2159.491083 7.677628 0.832738 19.301835 4.393385 5.922284 46.470325 -21.003385 61.980388 4.126818 -0.194476 0.536072 0.732169 0.986964 7.872762 5.820474 205.769738 5.326758 0.053893 1.902371 1.379265 1.859249 14.344676 17.655427 106.330288 4.666550 0.163476 0.957815 0.978680 1.319261 10.311658 
-253.397699 1338.588552 7.199371 -2.184463 6.767678 2.601476 3.506790 36.586726 10.277598 1701.721044 7.439395 0.088600 14.662159 3.829120 5.161654 41.251922 92.390405 3165.506412 8.060068 0.796469 26.654486 5.162798 6.959452 56.262833 -21.107562 32.988307 3.496153 -0.181962 0.251272 0.501270 0.675712 5.743545 3.315733 278.810155 5.630531 0.028584 2.402719 1.550071 2.089495 16.697609 16.658263 124.906719 4.827567 0.143606 1.056159 1.027696 1.385335 11.176167 
-235.188063 1061.390548 6.967335 -2.063053 5.054255 2.248167 3.030529 32.578989 38.715109 1514.440760 7.322802 0.339606 13.169236 3.628944 4.891817 38.915816 80.566681 2543.386639 7.841252 0.706725 21.810949 4.670219 6.295456 50.432000 -25.497169 43.967571 3.783452 -0.223659 0.335657 0.579359 0.780976 6.630805 7.625716 228.119628 5.429870 0.066892 1.996575 1.413002 1.904727 15.103630 20.230051 116.348144 4.756587 0.177457 0.989107 0.994539 1.340638 10.786480 
-220.689571 936.794870 6.842464 -1.902496 4.456326 2.111001 2.845630 30.607105 26.388040 1523.476398 7.328750 0.227483 13.081669 3.616859 4.875526 39.031736 81.784166 2072.976811 7.636741 0.705036 17.373414 4.168143 5.618657 45.529955 -19.874127 41.055937 3.714935 -0.171329 0.324577 0.569717 0.767978 6.407491 5.327143 199.441220 5.295520 0.045924 1.717212 1.310424 1.766452 14.122366 17.678974 113.938005 4.735654 0.152405 0.958997 0.979284 1.320075 10.674175 
-170.708939 933.400687 6.838835 -1.422574 5.754621 2.398879 3.233689 30.551607 29.743381 1393.932015 7.239884 0.247862 11.554665 3.399215 4.582142 37.335399 75.061368 2464.456137 7.809726 0.625511 20.145870 4.488415 6.050384 49.643289 -18.625413 46.663069 3.842953 -0.155212 0.364768 0.603960 0.814139 6.831037 13.769211 254.850625 5.540678 0.114743 2.110589 1.452787 1.958357 15.964042 16.884091 94.737644 4.551111 0.140701 0.769684 0.877316 1.182622 9.733326 
-209.798257 987.591258 6.895269 -1.824333 5.259560 2.293373 3.091467 31.425965 30.504080 1264.662827 7.142561 0.265253 10.926709 3.305557 4.455891 35.562098 77.451853 2552.595360 7.844866 0.673494 21.742887 4.662927 6.285626 50.523216 -15.902277 27.169358 3.302090 -0.138281 0.217134 0.465976 0.628136 5.212423 8.986875 200.299564 5.299814 0.078147 1.735628 1.317433 1.775899 14.152723 13.480578 110.032628 4.700777 0.117222 0.943064 0.971115 1.309063 10.489644 
-218.517345 1048.484070 6.955101 -1.986521 5.585406 2.363346 3.185791 32.380304 9.270445 1433.242614 7.267695 0.084277 13.022376 3.608653 4.864464 37.858191 77.618713 2771.040769 7.926978 0.705625 24.693374 4.969243 6.698539 52.640676 -17.344636 29.806258 3.394718 -0.157679 0.246103 0.496088 0.668727 5.459511 4.294557 234.333799 5.456747 0.039041 2.128783 1.459035 1.966779 15.307965 18.054604 105.037191 4.654314 0.164133 0.927944 0.963298 1.298526 10.248765 
-212.050647 1083.733439 6.988167 -1.927733 6.135967 2.477088 3.339115 32.920107 27.015175 1380.166467 7.229959 0.245593 12.486652 3.533646 4.763355 37.150592 72.331874 2697.470289 7.900070 0.657562 24.090069 4.908163 6.616205 51.937176 -16.041078 26.762661 3.287008 -0.145828 0.222031 0.471202 0.635180 5.173264 4.625202 234.177403 5.456079 0.042047 2.127118 1.458464 1.966010 15.302856 13.926828 102.565890 4.630505 0.126608 0.916388 0.957281 1.290415 10.127482 
-197.255903 868.766974 6.767075 -1.843513 4.720777 2.172735 2.928847 29.474853 37.710050 1301.596359 7.171347 0.352430 12.040245 3.469906 4.677433 36.077643 65.632175 2311.940147 7.745842 0.613385 21.230676 4.607676 6.211147 48.082639 -16.118611 38.663197 3.654888 -0.150641 0.338646 0.581933 0.784445 6.217974 7.203270 201.288853 5.304741 0.067320 1.876672 1.369917 1.846648 14.187630 19.582949 91.607373 4.517512 0.183018 0.822648 0.906999 1.222635 9.571174 
-176.611769 861.110078 6.758222 -1.535755 5.129372 2.264812 3.052966 29.344677 24.024454 1443.654401 7.274933 0.208908 12.509874 3.536930 4.767782 37.995452 75.799353 2223.725822 7.706939 0.659125 18.902301 4.347678 5.860670 47.156397 -11.969537 48.377076 3.879026 -0.104083 0.409837 0.640185 0.862970 6.955363 8.452628 181.843356 5.203146 0.073501 1.575844 1.255326 1.692180 13.484931 17.545816 91.418371 4.515446 0.152572 0.771664 0.878444 1.184143 9.561295 
-190.030425 849.389262 6.744518 -1.727549 4.737294 2.176533 2.933966 29.144284 15.595119 1448.407470 7.278220 0.141774 13.147241 3.625912 4.887730 38.057949 71.635368 2273.196049 7.728942 0.651231 20.241317 4.499035 6.064700 47.678046 -18.030309 34.539094 3.542092 -0.163912 0.287125 0.535840 0.722313 5.876997 10.930688 197.153063 5.283980 0.099370 1.782426 1.335075 1.799682 14.041120 17.902727 123.552837 4.816669 0.162752 1.096719 1.047244 1.411685 11.115432 
-219.978434 900.504738 6.802955 -2.036837 4.189300 2.046778 2.759057 30.008411 43.416525 1313.650374 7.180565 0.402005 12.001821 3.464365 4.669964 36.244315 44.287914 2407.778917 7.786460 0.410073 22.126089 4.703838 6.340773 49.069124 -16.741245 46.225617 3.833534 -0.155012 0.403986 0.635599 0.856788 6.798942 8.075487 192.115776 5.258098 0.074773 1.773259 1.331638 1.795048 13.860584 17.918389 109.089801 4.692171 0.165911 0.982564 0.991244 1.336197 10.444606 
-184.877205 654.893058 6.484472 -1.540643 3.083860 1.756092 2.367212 25.590878 21.787797 1305.726898 7.174515 0.181565 10.848092 3.293644 4.439832 36.134843 47.456555 1805.812542 7.498766 0.395471 14.892040 3.859021 5.201960 42.494853 -18.209454 32.662267 3.486220 -0.151745 0.249159 0.499158 0.672865 5.715091 8.978809 166.991366 5.117942 0.074823 1.385996 1.177283 1.586978 12.922514 16.018670 119.394664 4.782435 0.133489 0.977136 0.988502 1.332501 10.926787 
-212.740737 915.339062 6.819295 -1.729599 4.450267 2.109566 2.843694 30.254571 29.758700 1053.073827 6.959469 0.241941 8.503041 2.915997 3.930765 32.451099 79.588836 2125.827812 7.661917 0.647064 16.864461 4.106636 5.535746 46.106700 -22.479859 48.453663 3.880608 -0.182763 0.360530 0.600441 0.809395 6.960867 11.253281 227.769833 5.428336 0.091490 1.843417 1.357725 1.830213 15.092045 21.262823 100.934012 4.614467 0.172868 0.790718 0.889223 1.198673 10.046592 
-223.605628 925.390615 6.830216 -1.847980 4.232825 2.057383 2.773352 30.420234 33.043665 1412.482515 7.253104 0.273088 11.598832 3.405706 4.590892 37.583008 70.744924 2204.431212 7.698225 0.584669 17.876602 4.228073 5.699443 46.951371 -18.640870 45.951664 3.827590 -0.154057 0.356032 0.596684 0.804331 6.778766 8.047925 222.937400 5.406891 0.066512 1.838034 1.355741 1.827539 14.931088 20.359197 132.212590 4.884411 0.168258 1.064355 1.031676 1.390699 11.498373 
-210.980039 917.006376 6.821114 -1.867080 4.629113 2.151537 2.900272 30.282113 40.062951 1293.344400 7.164987 0.354539 11.319827 3.364495 4.535340 35.963098 48.740383 2540.460162 7.840101 0.431331 22.295902 4.721854 6.365059 50.402978 -17.298779 34.164636 3.531191 -0.153087 0.278906 0.528116 0.711900 5.845052 6.640185 246.520776 5.507446 0.058763 2.178147 1.475855 1.989452 15.700980 12.545423 96.952001 4.574216 0.111021 0.845657 0.919596 1.239615 9.846421 
-187.100494 760.858087 6.634447 -1.572273 3.921723 1.980334 2.669490 27.583656 48.645407 1328.554119 7.191847 0.408785 10.997215 3.316205 4.470244 36.449336 50.053301 2347.595119 7.761147 0.420616 19.550772 4.421626 5.960351 48.451988 -19.821518 39.937103 3.687306 -0.166567 0.307861 0.554852 0.747941 6.319581 12.011612 199.696998 5.296801 0.100938 1.667938 1.291487 1.740924 14.131419 14.843514 115.731188 4.751270 0.124735 0.956972 0.978249 1.318680 10.757843 
-210.313163 859.819435 6.756722 -1.813045 4.125106 2.031036 2.737836 29.322678 31.816420 1383.926993 7.232680 0.274279 11.855176 3.443135 4.641346 37.201169 59.946235 2193.448313 7.693230 0.516778 18.641978 4.317636 5.820173 46.834264 -27.811429 35.244069 3.562297 -0.239754 0.246346 0.496333 0.669057 5.936672 9.910043 211.765159 5.355478 0.085431 1.818263 1.348430 1.817684 14.552153 16.616015 134.207114 4.899384 0.143242 1.136440 1.066039 1.437021 11.584779 
-254.904607 1251.008465 7.131705 -2.216562 5.965188 2.442373 3.292320 35.369598 13.499018 1537.187185 7.337710 0.117383 13.353066 3.654185 4.925841 39.206979 95.025118 2710.611530 7.904930 0.826305 22.887754 4.784115 6.448987 52.063534 -23.141479 43.231060 3.766559 -0.201230 0.335429 0.579162 0.780710 6.575033 9.104759 294.573519 5.685529 0.079172 2.555241 1.598512 2.154794 17.163144 18.227929 141.084849 4.949361 0.158504 1.201701 1.096221 1.477706 11.877914 
-239.272357 1097.399034 7.000698 -1.977457 5.159075 2.271360 3.061793 33.127014 34.727649 1402.652892 7.246121 0.287005 11.509801 3.392610 4.573238 37.452008 93.088595 2163.287905 7.679385 0.769327 17.286548 4.157709 5.604593 46.511159 -26.955157 39.446764 3.674952 -0.222770 0.276380 0.525718 0.708668 6.280666 14.762067 279.227959 5.632029 0.122001 2.292785 1.514194 2.041134 16.710115 19.772504 134.353527 4.900475 0.163409 1.083657 1.040989 1.403253 11.591097 
-300.547753 1539.561560 7.339253 -2.404382 6.535440 2.556451 3.446096 39.237247 35.081556 1418.362587 7.257258 0.280652 11.268135 3.356804 4.524972 37.661155 73.215806 2698.378249 7.900406 0.585726 21.243951 4.609116 6.213089 51.945917 -24.372443 33.774566 3.519708 -0.194980 0.232180 0.481850 0.649534 5.811589 7.501411 337.192364 5.820654 0.060011 2.693938 1.641322 2.212502 18.362798 15.130272 184.068116 5.215306 0.121042 1.457894 1.207433 1.627619 13.567171 
-253.329754 1308.535142 7.176664 -2.183877 6.511156 2.551697 3.439687 36.173680 32.029070 1179.825422 7.073122 0.276113 10.094671 3.177211 4.282881 34.348587 81.082482 2609.842101 7.867045 0.698987 22.010056 4.691488 6.324126 51.086614 -23.616703 70.731494 4.258891 -0.203592 0.568304 0.753860 1.016203 8.410202 12.656341 312.479323 5.744538 0.109106 2.681883 1.637646 2.207546 17.677085 18.830235 124.302619 4.822719 0.162330 1.045223 1.022362 1.378144 11.149108 
-215.690250 1113.812715 7.015544 -1.797419 6.051058 2.459890 3.315932 33.373833 22.401149 1252.506922 7.132902 0.186676 10.402710 3.225323 4.347736 35.390775 102.114616 2207.228698 7.699493 0.850955 17.669448 4.203504 5.666324 46.981153 -27.042241 61.193745 4.114045 -0.225352 0.459164 0.677617 0.913427 7.822643 16.780036 294.008616 5.683609 0.139834 2.430518 1.559012 2.101548 17.146679 19.763425 137.269805 4.921948 0.164695 1.116791 1.056783 1.424544 11.716220 
-239.715174 1240.053878 7.122910 -2.179229 6.524179 2.554247 3.443125 35.214399 35.040768 1263.797537 7.141876 0.318552 11.387593 3.374551 4.548895 35.549930 84.882472 2298.677963 7.740089 0.771659 20.301615 4.505731 6.073726 47.944530 -25.555767 47.283019 3.856151 -0.232325 0.375871 0.613083 0.826436 6.876265 6.458885 280.488364 5.636532 0.058717 2.546447 1.595759 2.151083 16.747787 14.920973 132.462204 4.886297 0.135645 1.185802 1.088945 1.467899 11.509223 
-207.445325 995.769291 6.903516 -1.686547 5.251243 2.291559 3.089022 31.555812 15.824087 1020.358534 6.927909 0.128651 8.279047 2.877333 3.878645 31.943051 75.944878 1874.283571 7.535982 0.617438 14.856848 3.854458 5.195810 43.292997 -23.991976 35.790202 3.577674 -0.195057 0.252930 0.502922 0.677938 5.982491 9.922322 250.093496 5.521835 0.080669 2.026773 1.423648 1.919077 15.814345 22.877833 106.659575 4.669642 0.185999 0.832556 0.912445 1.229976 10.327612 
-176.393847 839.414526 6.732705 -1.533860 4.946532 2.224080 2.998060 28.972651 6.421374 1182.196895 7.075130 0.055838 10.276855 3.205753 4.321356 34.383090 81.595590 2116.445522 7.657493 0.709527 17.900446 4.230892 5.703242 46.004842 -21.238359 47.577903 3.862368 -0.184681 0.379614 0.616128 0.830541 6.897674 8.260373 197.874892 5.287635 0.071829 1.715492 1.309768 1.765567 14.066801 22.261423 101.161371 4.616717 0.193578 0.842192 0.917710 1.237073 10.057901 
-184.514742 870.772149 6.769380 -1.577049 4.955413 2.226076 3.000750 29.508849 24.129425 1057.447529 6.963613 0.206234 8.995480 2.999247 4.042985 32.518418 74.342958 2059.475622 7.630207 0.635410 17.198610 4.147121 5.590319 45.381446 -16.186297 39.463676 3.675381 -0.138344 0.318157 0.564054 0.760345 6.282012 7.684618 191.637108 5.255604 0.065680 1.633610 1.278128 1.722916 13.843306 14.608547 101.621576 4.621256 0.124859 0.852971 0.923564 1.244964 10.080753 
-176.980480 779.110575 6.658153 -1.525694 4.388729 2.094929 2.823965 27.912552 21.943409 1263.531956 7.141666 0.189167 10.856733 3.294956 4.441600 35.546195 63.994447 1699.803550 7.438268 0.551676 14.349132 3.788025 5.106258 41.228674 -18.573495 28.840062 3.361765 -0.160116 0.222984 0.472212 0.636542 5.370294 7.964109 157.239920 5.057773 0.068656 1.350803 1.162240 1.566700 12.539534 18.963014 117.732498 4.768415 0.163474 0.988211 0.994088 1.340031 10.850461 
-184.992652 801.539255 6.686534 -1.594764 4.366548 2.089629 2.816820 28.311469 29.725021 1021.507674 6.929035 0.256250 8.740436 2.956423 3.985258 31.961034 74.585854 1644.270418 7.405052 0.642982 13.761320 3.709625 5.000575 40.549604 -19.492922 25.621679 3.243439 -0.168042 0.192638 0.438906 0.591645 5.061786 6.639740 198.338487 5.289975 0.057239 1.706538 1.306345 1.760954 14.083270 12.358093 95.127982 4.555223 0.106535 0.808719 0.899288 1.212240 9.753357 
-204.244682 978.194113 6.885708 -1.776041 5.351715 2.313377 3.118433 31.276095 13.141299 1172.179769 7.066620 0.114272 10.179809 3.190581 4.300904 34.237111 77.153271 1923.968761 7.562145 0.670898 16.280059 4.034856 5.438985 43.863068 -18.639872 31.436307 3.447964 -0.162086 0.247087 0.497079 0.670062 5.606809 7.224124 201.868097 5.307615 0.062818 1.751429 1.323416 1.783964 14.208029 22.881411 105.931525 4.662793 0.198969 0.881555 0.938912 1.265653 10.292304 
-174.777333 821.172772 6.710734 -1.519803 4.830832 2.197915 2.962790 28.656112 22.703704 965.538792 6.872686 0.197424 8.357013 2.890850 3.896866 31.073120 82.602162 1821.893604 7.507632 0.718280 15.326627 3.914924 5.277317 42.683646 -15.979338 36.609891 3.600318 -0.138951 0.299040 0.546845 0.737147 6.050611 8.547645 193.342412 5.264463 0.074327 1.675714 1.294494 1.744978 13.904762 17.814201 76.476808 4.336988 0.154906 0.641020 0.800637 1.079259 8.745102 
-162.168892 877.275869 6.776822 -1.460981 5.768921 2.401858 3.237704 29.618843 4.314826 939.192047 6.845020 0.038872 8.459679 2.908553 3.920729 30.646240 80.126936 1969.959745 7.585768 0.721864 17.226297 4.150457 5.594817 44.384229 -15.137557 41.296953 3.720789 -0.136374 0.353447 0.594514 0.801405 6.426271 5.580840 200.285079 5.299742 0.050278 1.801842 1.342327 1.809457 14.152211 19.626762 68.692251 4.229636 0.176818 0.587585 0.766541 1.033297 8.288079 
-162.052540 765.280029 6.640242 -1.514510 4.858410 2.204180 2.971235 27.663695 10.469613 992.441617 6.900168 0.097847 9.265581 3.043942 4.103234 31.503041 82.586380 1746.712242 7.465491 0.771835 15.728684 3.965940 5.346088 41.793687 -15.544069 47.231529 3.855062 -0.145272 0.420312 0.648315 0.873929 6.872520 7.896904 185.176265 5.221308 0.073803 1.725172 1.313458 1.770542 13.607949 17.006038 65.750959 4.185874 0.158935 0.589235 0.767616 1.034747 8.108697 
-189.278705 891.418066 6.792814 -1.675033 5.082921 2.254533 3.039111 29.856625 10.982449 1062.242011 6.968137 0.097190 9.390926 3.064462 4.130895 32.592054 68.221245 2549.984467 7.843843 0.603728 22.201747 4.711873 6.351605 50.497371 -14.910834 29.835843 3.395710 -0.131954 0.246622 0.496611 0.669431 5.462220 10.228697 185.338408 5.222183 0.090519 1.631969 1.277485 1.722050 13.613905 16.677427 97.521278 4.580071 0.147588 0.841238 0.917190 1.236373 9.875286 
-191.652989 925.200248 6.830010 -1.652181 5.246162 2.290450 3.087527 30.417105 12.830248 1066.532711 6.972168 0.110606 9.182014 3.030184 4.084688 32.657812 92.670699 2055.224272 7.628140 0.798885 17.079233 4.132703 5.570884 45.334581 -15.081123 36.873667 3.607498 -0.130010 0.300974 0.548611 0.739528 6.072369 6.847101 203.505752 5.315694 0.059027 1.750876 1.323207 1.783683 14.265544 20.852719 93.725600 4.540371 0.179765 0.775664 0.880718 1.187208 9.681198 
-157.577329 756.262879 6.628389 -1.419616 4.797871 2.190404 2.952665 27.500234 18.549221 1198.135258 7.088522 0.167110 10.766086 3.281171 4.423019 34.614090 64.876545 1769.903215 7.478680 0.584473 15.603465 3.950122 5.324765 42.070218 -13.926231 26.785701 3.287868 -0.125462 0.225572 0.474944 0.640225 5.175490 6.843273 176.457922 5.173082 0.061651 1.585910 1.259329 1.697576 13.283747 13.078583 87.556257 4.472282 0.117825 0.774912 0.880291 1.186632 9.357150 
-152.546069 731.801984 6.595510 -1.326488 4.603926 2.145676 2.892372 27.051839 18.225376 918.333501 6.822561 0.158482 7.960392 2.821417 3.803270 30.304018 67.225721 1710.976708 7.444820 0.584571 14.536335 3.812655 5.139458 41.363954 -17.293142 35.392689 3.566505 -0.150375 0.285150 0.533994 0.719824 5.949176 5.543699 163.763356 5.098422 0.048206 1.421705 1.192353 1.607292 12.797006 15.329207 78.272019 4.360190 0.133297 0.662858 0.814161 1.097489 8.847148 
-191.747461 847.847624 6.742701 -1.611323 4.528407 2.128006 2.868552 29.117823 12.816990 959.510081 6.866423 0.107706 8.051509 2.837518 3.824975 30.975960 86.560339 2098.856372 7.649148 0.727398 17.108341 4.136223 5.575629 45.813277 -11.352122 45.980955 3.828227 -0.095396 0.377294 0.614243 0.827999 6.780926 10.497815 215.790903 5.374310 0.088217 1.805587 1.343721 1.811336 14.689823 18.614052 72.811147 4.287869 0.156421 0.587391 0.766414 1.033127 8.532945 
-172.694389 725.599882 6.586999 -1.463512 4.007285 2.001820 2.698454 26.936961 18.517122 882.058543 6.782258 0.156925 7.450447 2.729551 3.679434 29.699470 75.081188 1641.892412 7.403605 0.636281 13.509489 3.675526 4.954609 40.520272 -9.137154 31.719388 3.456928 -0.077434 0.262812 0.512652 0.691055 5.631997 7.124385 167.454567 5.120712 0.060376 1.415461 1.189732 1.603758 12.940424 17.573552 77.566391 4.351134 0.148928 0.635163 0.796971 1.074317 8.807178 
-163.985745 815.280567 6.703532 -1.389710 4.977864 2.231113 3.007540 28.553118 1.117647 1111.237465 7.013230 0.009472 9.417177 3.068742 4.136664 33.335229 75.567235 1968.819165 7.585189 0.640400 16.274796 4.034203 5.438106 44.371378 -21.510698 31.671489 3.455417 -0.182294 0.235171 0.484945 0.653705 5.627743 8.580203 194.990945 5.272953 0.072714 1.647178 1.283424 1.730056 13.963916 17.357347 114.389832 4.739612 0.147096 0.947768 0.973534 1.312324 10.695318 
-189.824138 832.893433 6.724906 -1.757631 4.622710 2.150049 2.898266 28.859893 17.349476 997.672228 6.905425 0.160643 9.211900 3.035111 4.091330 31.585950 69.519787 1934.641063 7.567677 0.643702 17.498991 4.183180 5.638926 43.984555 -14.200933 40.096429 3.691287 -0.131490 0.353974 0.594957 0.802002 6.332174 7.338982 199.642101 5.296526 0.067954 1.843920 1.357910 1.830463 14.129476 14.555885 86.060972 4.455056 0.134777 0.778696 0.882438 1.189526 9.276905 
-179.568543 819.926153 6.709214 -1.589102 4.730738 2.175026 2.931935 28.634353 5.879761 1105.015577 7.007615 0.052033 9.776191 3.126690 4.214779 33.241775 78.666356 2006.867986 7.604331 0.696162 17.275252 4.156351 5.602761 44.798080 -24.185524 42.163538 3.741556 -0.214031 0.327319 0.572118 0.771215 6.493346 9.717497 205.496934 5.325431 0.085996 1.811162 1.345794 1.814130 14.335164 18.706512 105.702413 4.660628 0.165544 0.908015 0.952898 1.284507 10.281168 
-205.947255 1036.206784 6.943322 -1.790846 5.803365 2.409018 3.247356 32.190166 14.220484 1383.431533 7.232322 0.123656 12.014549 3.466201 4.672439 37.194509 91.800135 2148.756572 7.672645 0.798262 18.047617 4.248249 5.726640 46.354682 -14.188428 41.459660 3.724721 -0.123378 0.345297 0.587620 0.792111 6.438918 8.953527 219.750962 5.392495 0.077857 1.904816 1.380151 1.860443 14.824000 19.939540 116.292135 4.756105 0.173387 0.981173 0.990542 1.335250 10.783883 
-210.732111 1065.474000 6.971175 -1.801129 5.862549 2.421270 3.263872 32.641599 12.383018 1409.582061 7.251049 0.105838 12.036508 3.469367 4.676707 37.544401 77.131517 2207.533523 7.699631 0.659244 18.433206 4.293391 5.787491 46.984397 -14.544054 21.987873 3.090491 -0.124308 0.172478 0.415305 0.559831 4.689123 5.443743 228.966840 5.433577 0.046528 1.954817 1.398148 1.884703 15.131650 20.295380 134.428421 4.901032 0.173465 1.118871 1.057767 1.425870 11.594327 
-202.280393 1030.528627 6.937827 -1.838913 5.986842 2.446802 3.298290 32.101848 1.208837 1361.606320 7.216420 0.010989 12.378119 3.518255 4.742608 36.899950 90.993120 2282.870572 7.733189 0.827210 20.069092 4.479854 6.038843 47.779395 -13.842997 34.879852 3.551909 -0.125845 0.301252 0.548865 0.739870 5.905917 8.117621 224.038056 5.411816 0.073797 2.031264 1.425224 1.921202 14.967901 16.832544 113.593128 4.732623 0.153023 1.009249 1.004614 1.354219 10.658008 
-182.450309 785.904622 6.666835 -1.673856 4.408340 2.099605 2.830267 28.033990 17.652717 1125.996064 7.026423 0.161952 10.304011 3.209986 4.327061 33.555865 41.529393 1929.895305 7.565221 0.381004 17.560298 4.190501 5.648795 43.930574 -18.106152 27.024430 3.296741 -0.166111 0.220338 0.469401 0.632753 5.198503 9.808094 179.795193 5.191818 0.089983 1.641400 1.281171 1.727019 13.408773 18.137865 101.951855 4.624501 0.166402 0.907648 0.952706 1.284247 10.097121 
-187.700874 809.696356 6.696659 -1.577318 4.316238 2.077556 2.800545 28.455164 52.513744 1172.525435 7.066915 0.441292 9.658416 3.107799 4.189314 34.242159 65.740553 1835.114080 7.514862 0.552442 15.115935 3.887922 5.240919 42.838232 -20.972850 38.773852 3.657746 -0.176242 0.294769 0.542927 0.731865 6.226865 7.186983 179.568556 5.190557 0.060395 1.505332 1.226920 1.653888 13.400319 18.080984 95.641821 4.560610 0.151941 0.780627 0.883531 1.191000 9.779664 
-185.684242 831.907302 6.723721 -1.600726 4.609290 2.146926 2.894056 28.842803 18.047874 1116.798756 7.018222 0.155585 9.603369 3.098930 4.177358 33.418539 54.060841 1966.480928 7.584001 0.466042 16.735227 4.090871 5.514495 44.345021 -14.229496 17.061981 2.836853 -0.122668 0.132039 0.363371 0.489824 4.130615 5.940224 179.744734 5.191538 0.051209 1.546901 1.243745 1.676568 13.406891 12.697603 105.145796 4.655348 0.109462 0.894447 0.945752 1.274874 10.254062 
-201.521248 1003.543745 6.911293 -1.815507 5.744870 2.396846 3.230948 31.678759 14.847768 1413.722636 7.253982 0.133764 12.718347 3.566279 4.807345 37.599503 90.322729 2112.226497 7.655498 0.813718 18.366930 4.285666 5.777078 45.958965 -17.283639 34.455041 3.539655 -0.155708 0.286161 0.534940 0.721099 5.869842 7.937235 218.654628 5.387493 0.071507 1.964748 1.401695 1.889485 14.786975 17.332428 115.432015 4.748682 0.156148 1.015546 1.007743 1.358438 10.743929 
-180.660742 792.293937 6.674932 -1.584743 4.438535 2.106783 2.839944 28.147716 18.620963 1259.346471 7.138348 0.163342 11.020218 3.319671 4.474917 35.487272 82.434707 2612.414857 7.868030 0.723111 22.393030 4.732127 6.378908 51.111788 -19.072082 39.103102 3.666202 -0.167299 0.315021 0.561267 0.756588 6.253247 6.913230 220.493345 5.395868 0.060642 1.930475 1.389415 1.872932 14.849018 15.808669 87.681016 4.473705 0.138673 0.749902 0.865969 1.167326 9.363814 
-172.159991 638.882101 6.459720 -1.484138 3.304939 1.817949 2.450596 25.276117 4.423235 1101.349392 7.004291 0.038131 9.492937 3.081061 4.153270 33.186585 62.172119 1861.577694 7.529180 0.535967 15.760823 3.969990 5.351547 43.146004 -8.870536 29.557412 3.386335 -0.076470 0.248958 0.498957 0.672593 5.436673 -0.629186 149.295535 5.005928 -0.005424 1.287001 1.134461 1.529253 12.218655 14.903980 66.203731 4.192737 0.128483 0.554214 0.744456 1.003526 8.136568 
-155.936522 513.542470 6.241333 -1.355970 2.626933 1.620782 2.184814 22.661475 20.904647 971.425984 6.878765 0.181780 8.414139 2.900713 3.910162 31.167707 54.935435 1611.231151 7.384754 0.477699 13.782509 3.712480 5.004423 40.140144 -24.584590 37.890839 3.634709 -0.213779 0.283784 0.532714 0.718098 6.155553 7.891142 145.399863 4.979488 0.068619 1.259638 1.122336 1.512909 12.058187 12.398823 76.239629 4.333881 0.107816 0.651329 0.807050 1.087903 8.731531 
-183.716178 713.920671 6.570772 -1.530968 3.605475 1.898809 2.559595 26.719294 9.582883 1035.494676 6.942635 0.079857 8.622745 2.936451 3.958336 32.179103 72.380620 1895.103214 7.547029 0.603172 15.428711 3.927940 5.294863 43.532783 -14.089047 26.283757 3.268951 -0.117409 0.205247 0.453041 0.610700 5.126769 5.545351 170.179490 5.136854 0.046211 1.416027 1.189969 1.604079 13.045286 12.549450 98.730807 4.592397 0.104579 0.811820 0.901011 1.214562 9.936338 
-198.074872 753.882092 6.625236 -1.692948 3.577365 1.891392 2.549597 27.456913 19.817396 1123.362690 7.024082 0.169379 9.572701 3.093978 4.170683 33.516603 59.234276 1939.223488 7.570043 0.506276 16.318244 4.039585 5.445360 44.036615 -16.718660 28.117382 3.336388 -0.142895 0.219901 0.468936 0.632125 5.302583 5.192673 210.276841 5.348425 0.044382 1.795268 1.339876 1.806153 14.500926 17.921632 95.830534 4.562581 0.153176 0.795601 0.891965 1.202369 9.789307 
-202.402020 844.706870 6.738990 -1.715271 4.216377 2.053382 2.767959 29.063841 6.710165 1262.610992 7.140937 0.056866 10.696859 3.270605 4.408776 35.533238 68.944760 2298.815444 7.740149 0.584278 19.140106 4.374941 5.897420 47.945964 -19.034486 34.243875 3.533508 -0.161309 0.264182 0.513986 0.692853 5.851827 7.529193 218.381497 5.386244 0.063807 1.846619 1.358904 1.831802 14.777737 12.203805 104.099630 4.645348 0.103422 0.871504 0.933544 1.258417 10.202923 
-194.315078 800.541229 6.685288 -1.675130 4.095157 2.023649 2.727880 28.293837 21.416960 1043.496365 6.950332 0.184629 8.961570 2.993588 4.035357 32.303194 72.562528 2037.263333 7.619363 0.625539 17.171316 4.143829 5.585881 45.136054 -13.429020 39.745142 3.682488 -0.115767 0.329228 0.573784 0.773461 6.304375 7.547436 190.771859 5.251078 0.065064 1.640352 1.280762 1.726467 13.812019 15.665238 75.877768 4.329124 0.135045 0.635881 0.797422 1.074925 8.710785 
-139.350143 612.873475 6.418159 -1.211740 3.861020 1.964948 2.648750 24.756282 0.892801 1132.746787 7.032401 0.007763 9.849912 3.138457 4.230640 33.656304 48.158191 2677.997921 7.892825 0.418767 23.111573 4.807450 6.480442 51.749376 -18.340629 26.847502 3.290173 -0.159484 0.208021 0.456094 0.614814 5.181458 8.881898 190.328940 5.248754 0.077234 1.649069 1.284161 1.731049 13.795976 12.178433 101.960715 4.624588 0.105899 0.875400 0.935628 1.261227 10.097560 
-161.988154 557.105394 6.322754 -1.361245 2.828570 1.681835 2.267114 23.603080 -1.271782 1096.178954 6.999586 -0.010687 9.211474 3.035041 4.091235 33.108593 53.503330 2314.911797 7.747127 0.449608 19.250893 4.387584 5.914463 48.113530 -18.788617 26.203725 3.265902 -0.157888 0.195271 0.441895 0.595674 5.118957 7.714538 154.074350 5.037435 0.064828 1.290540 1.136019 1.531354 12.412669 15.726075 74.464064 4.310317 0.132152 0.608284 0.779926 1.051340 8.629256 
-188.487330 722.669464 6.582952 -1.520059 3.517400 1.875473 2.528138 26.882512 8.217120 1147.590551 7.045420 0.066267 9.250371 3.041442 4.099864 33.876106 71.647606 2302.669617 7.741824 0.577803 18.236060 4.270370 5.756459 47.986140 -14.988738 23.237120 3.145751 -0.120877 0.172785 0.415674 0.560329 4.820490 3.344769 188.914398 5.241294 0.026974 1.522776 1.234008 1.663443 13.744613 8.215321 86.262316 4.457393 0.066253 0.691274 0.831429 1.120767 9.287751 
-186.887089 674.731320 6.514315 -1.544521 3.190746 1.786266 2.407886 25.975591 17.329308 1148.863599 7.046529 0.143217 9.474229 3.078024 4.149176 33.894890 61.702066 2039.914103 7.620663 0.509934 16.598761 4.074158 5.491965 45.165408 -15.916858 31.727337 3.457179 -0.131544 0.244905 0.494879 0.667097 5.632702 6.389694 182.469562 5.206583 0.052807 1.505224 1.226876 1.653829 13.508129 14.613397 87.077500 4.466799 0.120772 0.705063 0.839680 1.131889 9.331533 
-213.550684 789.826422 6.671813 -1.764882 3.412684 1.847345 2.490221 28.103851 24.941386 1318.824994 7.184496 0.206127 10.856892 3.294980 4.441633 36.315630 59.287180 2188.360461 7.690908 0.489977 17.845546 4.224399 5.694490 46.779915 -19.388508 34.724958 3.547459 -0.160236 0.261308 0.511183 0.689074 5.892789 9.552962 160.481296 5.078177 0.078950 1.320059 1.148938 1.548769 12.668121 22.774753 126.852157 4.843022 0.188221 1.012938 1.006448 1.356692 11.262866 
-187.545313 709.119306 6.564024 -1.659693 3.520811 1.876382 2.529364 26.629294 7.748055 1219.131706 7.105894 0.068567 10.784075 3.283912 4.426713 34.916067 53.078888 2200.882480 7.696614 0.469725 19.256195 4.388188 5.915278 46.913564 -18.803819 32.713049 3.487774 -0.166405 0.261805 0.511669 0.689730 5.719532 9.704436 179.580947 5.190626 0.085880 1.581837 1.257711 1.695394 13.400782 12.279493 93.787060 4.541027 0.108668 0.818165 0.904525 1.219300 9.684372 
-214.723430 868.325141 6.766566 -1.835243 4.053466 2.013322 2.713958 29.467357 25.860494 1324.991296 7.189161 0.221030 11.275858 3.357954 4.526523 36.400430 70.075712 2496.809646 7.822769 0.598938 20.981527 4.580560 6.174595 49.968086 -19.954129 38.024212 3.638223 -0.170548 0.295907 0.543973 0.733276 6.166378 9.311180 193.501825 5.265287 0.079583 1.647528 1.283561 1.730240 13.910493 14.237214 100.924049 4.614368 0.121686 0.847791 0.920756 1.241179 10.046096 
-197.628772 841.197716 6.734827 -1.689135 4.336548 2.082438 2.807126 29.003409 19.728974 1512.047873 7.321220 0.168624 12.895052 3.590968 4.840625 38.885060 65.750542 2653.294577 7.883557 0.561970 22.361921 4.728839 6.374476 51.510141 -17.857126 25.769955 3.249209 -0.152625 0.196962 0.443804 0.598247 5.076412 4.426757 192.739852 5.261341 0.037836 1.645918 1.282933 1.729394 13.883078 10.311718 122.417843 4.807440 0.088134 1.038539 1.019087 1.373730 11.064260 
-193.908111 724.086601 6.584911 -1.576489 3.401566 1.844334 2.486162 26.908857 13.097864 1157.880234 7.054346 0.106487 9.402321 3.066320 4.133400 34.027639 58.744571 2175.687067 7.685100 0.477598 17.460413 4.178566 5.632707 46.644261 -15.114881 24.165178 3.184913 -0.122885 0.181364 0.425869 0.574071 4.915809 7.310395 149.435351 5.006864 0.059434 1.211389 1.100631 1.483651 12.224375 15.515619 107.167219 4.674390 0.126143 0.855366 0.924860 1.246711 10.352160 
-185.582196 683.986493 6.527938 -1.599847 3.336926 1.826726 2.462426 26.153135 16.680426 1517.949570 7.325116 0.143797 13.065095 3.614567 4.872437 38.960872 65.035716 2495.804158 7.822366 0.560653 21.201222 4.604478 6.206837 49.958024 -20.034023 45.314090 3.813618 -0.172707 0.360811 0.600675 0.809711 6.731574 8.627227 160.103459 5.075820 0.074373 1.374671 1.172464 1.580481 12.653200 16.341984 106.392866 4.667139 0.140879 0.897333 0.947277 1.276929 10.314692 
-209.373948 892.506220 6.794033 -1.938648 4.505592 2.122638 2.861316 29.874843 16.065459 1519.480401 7.326124 0.148754 14.047135 3.747951 5.052238 38.980513 63.054522 2752.291079 7.920189 0.583838 25.143310 5.014310 6.759291 52.462282 -17.757211 38.308651 3.645676 -0.164419 0.327676 0.572430 0.771636 6.189398 5.325334 198.305449 5.289809 0.049309 1.833730 1.354153 1.825398 14.082097 20.570305 119.057318 4.779605 0.190466 1.066105 1.032524 1.391842 10.911339 
-187.790977 750.085201 6.620187 -1.691811 3.895301 1.973652 2.660483 27.387683 16.922289 1389.108474 7.236417 0.152453 12.491249 3.534296 4.764231 37.270746 63.574997 2117.894700 7.658178 0.572748 18.752092 4.330369 5.837337 46.020590 -17.836052 41.460997 3.724753 -0.160685 0.347703 0.589663 0.794866 6.439021 7.380753 180.708198 5.196884 0.066493 1.623580 1.274198 1.717619 13.442775 15.975093 91.365928 4.514873 0.143920 0.802404 0.895770 1.207498 9.558553 
-217.135255 926.846014 6.831787 -1.973957 4.529367 2.128231 2.868855 30.444146 19.381886 1640.231524 7.402593 0.176199 14.880150 3.857480 5.199883 40.499772 47.418597 2144.993273 7.670892 0.431078 19.314110 4.394782 5.924167 46.314072 -17.196742 40.150529 3.692636 -0.156334 0.340564 0.583579 0.786665 6.336445 2.227008 201.116971 5.303887 0.020246 1.827926 1.352008 1.822507 14.181572 20.666267 114.027544 4.736440 0.187875 1.001317 1.000658 1.348887 10.678368 
-223.457203 894.423048 6.796179 -2.069048 4.000735 2.000184 2.696248 29.906906 47.631562 1893.089816 7.545966 0.441033 17.334099 4.163424 5.612296 43.509652 82.626924 2417.103830 7.790325 0.765064 21.795268 4.668540 6.293192 49.164050 -17.632167 48.210854 3.875584 -0.163261 0.419743 0.647876 0.873336 6.943404 0.940663 204.891551 5.322481 0.008710 1.897068 1.377341 1.856656 14.314033 22.826245 119.565188 4.783862 0.211354 1.062415 1.030735 1.389431 10.934587 
-211.200395 874.642573 6.773815 -1.852635 4.240047 2.059137 2.775717 29.574357 29.983500 1481.651776 7.300913 0.263013 12.927769 3.595521 4.846762 38.492230 63.131174 2609.683557 7.866984 0.553782 22.585286 4.752398 6.406233 51.085062 -19.604073 39.230642 3.669458 -0.171966 0.314556 0.560853 0.756030 6.263437 9.632128 189.758358 5.245751 0.084492 1.657408 1.287404 1.735420 13.775281 17.656975 92.547379 4.527721 0.154886 0.787830 0.887598 1.196482 9.620155 
-232.387945 943.977783 6.850103 -1.920562 4.112913 2.028032 2.733787 30.724221 31.064735 1522.091125 7.327840 0.256733 12.513353 3.537422 4.768445 39.013986 61.414151 2831.898404 7.948703 0.507555 23.146507 4.811082 6.485338 53.215584 -13.526437 43.781182 3.779204 -0.111789 0.349331 0.591042 0.796725 6.616735 5.064194 220.135956 5.394245 0.041853 1.817554 1.348167 1.817329 14.836979 20.977972 105.384111 4.657612 0.173372 0.840885 0.916998 1.236113 10.265676 
-258.592054 1086.266751 6.990502 -2.229242 4.394849 2.096390 2.825933 32.958561 53.529255 1441.934999 7.273741 0.461459 12.217530 3.495358 4.711743 37.972819 65.825914 3569.726159 8.180244 0.567465 30.451485 5.518286 7.438650 59.747185 -20.073551 52.389778 3.958712 -0.173048 0.421690 0.649377 0.875360 7.238078 10.019277 298.685204 5.699390 0.086373 2.567412 1.602315 2.159920 17.282511 20.268296 108.647640 4.688110 0.174727 0.906088 0.951887 1.283143 10.423418 
-271.902578 1185.026394 7.077520 -2.284896 4.737457 2.176570 2.934016 34.424212 37.180752 1659.648630 7.414361 0.312443 13.849006 3.721425 5.016482 40.738785 71.267237 3554.071240 8.175849 0.598884 29.507482 5.432079 7.322443 59.616032 -19.654064 54.568806 3.999462 -0.165160 0.431284 0.656722 0.885261 7.387070 13.857181 256.291935 5.546317 0.116447 2.140154 1.462926 1.972025 16.009120 28.379152 156.841818 5.055238 0.238480 1.261126 1.122998 1.513802 12.523650 
-265.440655 1133.648621 7.033197 -2.175743 4.558344 2.135028 2.878018 33.669699 46.806887 1300.162912 7.170245 0.383663 10.509876 3.241894 4.370073 36.057772 61.682303 3133.738224 8.049982 0.505593 25.430755 5.042892 6.797818 55.979802 -23.115185 48.563536 3.882873 -0.189469 0.362163 0.601800 0.811227 6.968754 12.426022 273.397508 5.610927 0.101853 2.230589 1.493516 2.013259 16.534736 22.639301 135.794960 4.911146 0.185568 1.078638 1.038575 1.399999 11.653109 
-291.333460 1402.663962 7.246129 -2.407715 5.795175 2.407317 3.245063 37.452156 88.257389 1431.104929 7.266202 0.729400 11.295289 3.360847 4.530421 37.829948 72.096670 3715.401260 8.220242 0.595840 30.350770 5.509153 7.426339 60.954091 -23.552709 68.598317 4.228268 -0.194650 0.529039 0.727351 0.980469 8.282410 14.000320 338.696823 5.825105 0.115705 2.785760 1.669060 2.249892 18.403718 19.702144 130.521717 4.871540 0.162828 1.052179 1.025758 1.382722 11.424610 
-259.817629 1277.312259 7.152513 -2.239807 5.994577 2.448382 3.300420 35.739506 85.054536 1367.285122 7.220582 0.733229 11.249316 3.354000 4.521192 36.976819 72.737112 3584.455514 8.184362 0.627044 30.507294 5.523341 7.445464 59.870322 -17.850755 56.257003 4.029931 -0.153886 0.461293 0.679186 0.915542 7.500467 12.721012 300.189096 5.704413 0.109664 2.575811 1.604933 2.163450 17.325966 20.983095 145.469241 4.979965 0.180889 1.221324 1.105135 1.489723 12.061063 
-282.697774 1460.065977 7.286237 -2.546827 6.667421 2.582135 3.480718 38.210810 72.551115 1482.543106 7.301514 0.653614 12.929033 3.595697 4.846999 38.503806 82.015060 3752.288142 8.230121 0.738874 33.258462 5.767015 7.773937 61.255923 -29.039923 69.847104 4.246309 -0.261621 0.560808 0.748871 1.009478 8.357458 14.592422 322.322432 5.775552 0.131463 2.886523 1.698977 2.290221 17.953340 27.316704 132.211554 4.884403 0.246096 1.130532 1.063265 1.433281 11.498328 
-291.724852 1457.166878 7.284249 -2.652044 6.213634 2.492716 3.360181 38.172855 84.621950 1576.726257 7.363106 0.769290 13.742067 3.707029 4.997076 39.708013 50.454908 3718.674682 8.221123 0.458681 33.595745 5.796184 7.813256 60.980937 -24.282068 80.203595 4.384568 -0.220746 0.680395 0.824860 1.111912 8.955646 7.887624 306.444389 5.725036 0.071706 2.780716 1.667548 2.247855 17.505553 24.581362 184.050873 5.215212 0.223467 1.623252 1.274069 1.717445 13.566535 
-262.377621 1292.631531 7.164435 -2.281545 6.034829 2.456589 3.311482 35.953185 83.164906 1235.136011 7.118936 0.723173 10.217334 3.196456 4.308823 35.144502 77.738937 3171.457755 8.061947 0.675991 27.120930 5.207776 7.020082 56.315697 -22.898364 75.239091 4.320671 -0.199116 0.614606 0.783968 1.056789 8.674047 16.075782 326.114027 5.787247 0.139789 2.816233 1.678164 2.262165 18.058627 26.212895 136.397119 4.915571 0.227938 1.134106 1.064944 1.435545 11.678918 
-300.319516 1550.488936 7.346326 -2.566833 6.663408 2.581358 3.479670 39.376248 68.479947 1499.785833 7.313078 0.585299 12.476108 3.532153 4.761343 38.727068 96.076802 3649.504797 8.202347 0.821169 30.518030 5.524313 7.446774 60.411131 -26.125253 67.559861 4.213014 -0.223293 0.527575 0.726344 0.979111 8.219481 10.440698 371.828323 5.918432 0.089237 3.170057 1.780465 2.400067 19.282850 26.689584 164.731435 5.104316 0.228116 1.355924 1.164442 1.569667 12.834774 
-288.138128 1275.993158 7.151480 -2.643469 4.718431 2.172195 2.928119 35.721046 83.507521 1471.447736 7.294002 0.766124 12.912574 3.593407 4.843913 38.359454 71.610184 2795.436141 7.935743 0.656974 25.214588 5.021413 6.768865 52.871884 -30.288966 66.168161 4.192199 -0.277880 0.529830 0.727894 0.981201 8.134381 7.229420 293.703682 5.682571 0.066325 2.690130 1.640162 2.210938 17.137785 17.247843 143.479921 4.966195 0.158237 1.291291 1.136350 1.531799 11.978310 
-272.506720 1340.843071 7.201054 -2.523210 6.048623 2.459395 3.315264 36.617524 82.328190 1242.873768 7.125182 0.762298 10.926992 3.305600 4.455949 35.254415 86.935582 2874.330877 7.963575 0.804959 25.966216 5.095706 6.869011 53.612787 -25.652976 77.194906 4.346333 -0.237528 0.658348 0.811387 1.093749 8.786063 13.550962 354.932001 5.871926 0.125472 3.270664 1.808498 2.437855 18.839639 27.139489 119.378260 4.782297 0.251292 1.042207 1.020885 1.376153 10.926036 
-250.971297 1179.326108 7.072698 -2.182359 5.492318 2.343570 3.159132 34.341318 52.816735 1341.741693 7.201724 0.459276 11.456385 3.384728 4.562614 36.629792 68.204533 2927.485068 7.981899 0.593083 25.104645 5.010454 6.754092 54.106239 -23.737772 39.434497 3.674641 -0.206415 0.300301 0.547998 0.738701 6.279689 7.033185 301.106522 5.707464 0.061158 2.614577 1.616965 2.179670 17.352421 15.674011 134.721585 4.903210 0.136296 1.152916 1.073739 1.447400 11.606963 
-253.439017 1185.369003 7.077809 -2.147788 5.432506 2.330774 3.141883 34.429188 72.019662 1209.478360 7.097944 0.610336 9.877306 3.142818 4.236519 34.777555 63.175034 2709.674884 7.904584 0.535382 22.676713 4.762007 6.419186 52.054538 -24.889310 66.065677 4.190649 -0.210926 0.515389 0.717906 0.967737 8.128080 6.208632 255.015002 5.541322 0.052616 2.158376 1.469141 1.980402 15.969189 17.779665 138.856437 4.933441 0.150675 1.154046 1.074266 1.448110 11.783736 