-440.942281 4079.079597 8.313627 -4.899359 21.319391 4.617293 6.224111 63.867673 141.504486 3418.630949 8.136995 1.572272 35.512749 5.959257 8.033079 58.469060 166.358289 5210.769907 8.558483 1.848425 54.480767 7.381109 9.949735 72.185663 -12.727576 156.774871 5.054811 -0.141418 1.721944 1.312229 1.768884 12.520977 16.271540 424.641882 6.051246 0.180795 4.685556 2.164615 2.917901 20.606841 21.930947 222.241393 5.403764 0.243677 2.409970 1.552408 2.092646 14.907763 
-316.623775 2437.252579 7.798627 -3.441563 14.647522 3.827208 5.159077 49.368538 142.743556 2776.867985 7.929079 1.551560 27.776008 5.270295 7.104358 52.695996 170.445566 4277.161457 8.361045 1.852669 43.058502 6.561898 8.845439 65.400011 -13.284677 156.465560 5.052836 -0.144399 1.679862 1.296095 1.747136 12.508619 13.819075 256.944454 5.548860 0.150207 2.770312 1.664426 2.243646 16.029487 -1.985819 181.071611 5.198893 -0.021585 1.967704 1.402749 1.890905 13.456285 
-355.862869 2825.770703 7.946536 -3.910581 15.759782 3.969859 5.351370 53.157979 164.823038 2808.252059 7.940318 1.811242 27.579315 5.251601 7.079159 52.992943 178.086823 3717.445763 8.220792 1.956998 37.021211 6.084506 8.201914 60.970860 -21.136340 162.451187 5.090378 -0.232267 1.731230 1.315762 1.773647 12.745634 16.697743 310.300428 5.737541 0.183492 3.376226 1.837451 2.476884 17.615346 26.942903 221.725549 5.401440 0.296076 2.348884 1.532607 2.065954 14.890452 
-346.900047 2814.036944 7.942375 -3.942046 16.437966 4.054376 5.465299 53.047497 152.178526 2655.883718 7.884533 1.729301 27.190013 5.214404 7.029017 51.535267 165.818127 4245.130161 8.353528 1.884297 44.689541 6.685024 9.011412 65.154663 -23.820456 178.332133 5.183648 -0.270687 1.953230 1.397580 1.883938 13.354105 24.741506 333.912433 5.810879 0.281153 3.715412 1.927540 2.598325 18.273271 19.256904 199.233954 5.294480 0.218828 2.216136 1.488669 2.006726 14.115026 
-334.245778 2487.982623 7.819227 -3.841905 13.837264 3.719847 5.014354 49.879681 166.667435 2949.473602 7.989382 1.915718 30.232021 5.498365 7.411797 54.309056 184.571476 3884.061774 8.264637 2.121511 40.143578 6.335896 8.540788 62.322241 -9.206268 203.010025 5.313255 -0.105819 2.322251 1.523893 2.054208 14.248159 24.645666 301.397418 5.708430 0.283284 3.384089 1.839589 2.479766 17.360801 19.063184 219.999152 5.393624 0.219117 2.480714 1.575028 2.123138 14.832368 
-315.225005 2502.884733 7.825199 -3.353458 15.380756 3.921831 5.286628 50.028839 170.307634 2406.078216 7.785753 1.811783 22.314018 4.723772 6.367644 49.051791 173.569258 3447.744730 8.145476 1.846481 33.268642 5.767898 7.775126 58.717499 -24.973306 160.545806 5.078579 -0.265673 1.637352 1.279590 1.724888 12.670667 24.526224 325.506660 5.785383 0.260917 3.394759 1.842487 2.483673 18.041803 26.848004 220.006443 5.393657 0.285617 2.258917 1.502969 2.026003 14.832614 
-313.117268 1935.999225 7.568379 -3.366852 9.481501 3.079205 4.150768 43.999991 174.185917 2124.629098 7.661353 1.872967 19.337469 4.397439 5.927748 46.093699 149.545833 3093.644583 8.037105 1.608020 30.679268 5.538887 7.466420 55.620541 -20.071218 232.903057 5.450622 -0.215820 2.457756 1.567723 2.113291 15.261162 19.236786 292.745867 5.679305 0.206847 3.105019 1.762106 2.375320 17.109818 27.426735 220.630979 5.396492 0.294911 2.285404 1.511755 2.037846 14.853652 
-310.058216 2169.445702 7.682227 -3.010274 12.000830 3.464221 4.669771 46.577309 119.802821 1913.108576 7.556485 1.163134 17.220989 4.149818 5.593955 43.739097 221.533628 3754.079533 8.230598 2.150812 31.821382 5.641044 7.604128 61.270544 -22.225741 225.945615 5.420294 -0.215784 2.147084 1.465293 1.975215 15.031487 34.825094 333.364391 5.809236 0.338108 3.122231 1.766983 2.381894 18.258269 16.116693 153.034478 5.030663 0.156473 1.461288 1.208837 1.629513 12.370710 
-330.137424 2133.171134 7.665365 -3.268687 10.436189 3.230509 4.354726 46.186266 134.119323 1944.746163 7.572887 1.327914 17.491557 4.182291 5.637728 44.099276 174.108525 3490.885125 8.157911 1.723847 31.591571 5.620638 7.576620 59.083713 -12.997050 126.542355 4.840577 -0.128684 1.236335 1.111906 1.498849 11.249105 19.736281 322.950946 5.777500 0.195409 3.159350 1.777456 2.396011 17.970836 27.074058 165.385499 5.108279 0.268060 1.565624 1.251249 1.686684 12.860229 
-325.927640 2061.574166 7.631225 -3.259276 9.992859 3.161148 4.261228 45.404561 185.518541 2728.270149 7.911423 1.855185 23.840989 4.882723 6.581911 52.232845 208.723087 2903.311995 7.973607 2.087231 24.676587 4.967553 6.696262 53.882390 -12.118492 261.262111 5.565524 -0.121185 2.597935 1.611811 2.172722 16.163605 33.297810 295.298617 5.687987 0.332978 2.842112 1.685856 2.272534 17.184255 28.373572 218.499828 5.386785 0.283736 2.104492 1.450687 1.955526 14.781740 
-369.281425 2454.135553 7.805530 -3.928526 10.674510 3.267187 4.404168 49.539232 186.705255 2375.766989 7.773076 1.986226 21.329023 4.618335 6.225516 48.741840 140.107583 3063.437512 8.027293 1.490506 30.368152 5.510731 7.428465 55.348329 -16.883242 174.029043 5.159222 -0.179609 1.819113 1.348745 1.818108 13.192007 31.801224 327.074549 5.790188 0.338311 3.365062 1.834411 2.472786 18.085202 21.058849 204.503233 5.320584 0.224030 2.125377 1.457867 1.965205 14.300463 
-290.845242 1945.760661 7.573408 -2.937831 11.023299 3.320135 4.475543 44.110777 194.399066 2362.171217 7.767336 1.963627 20.004485 4.472637 6.029115 48.602173 175.819034 3491.910350 8.158204 1.775950 32.117824 5.667259 7.639465 59.092388 -16.085023 160.217978 5.076535 -0.162475 1.591965 1.261731 1.700814 12.657724 24.133263 281.930886 5.641662 0.243770 2.788363 1.669839 2.250943 16.790798 14.570821 178.930732 5.186999 0.147180 1.785719 1.336308 1.801343 13.376499 
-258.589296 1584.425040 7.367977 -2.721993 9.268915 3.044489 4.103972 39.804837 185.482302 2260.261555 7.723236 1.952445 19.980184 4.469920 6.025452 47.542208 124.995401 2824.278775 7.946008 1.315741 27.998076 5.291321 7.132701 53.143944 -6.708209 207.546679 5.335356 -0.070613 2.179716 1.476386 1.990168 14.406480 22.207054 229.288177 5.434980 0.233758 2.358917 1.535877 2.070362 15.142265 12.486511 174.279459 5.160660 0.131437 1.817245 1.348052 1.817175 13.201495 
-275.518124 1668.255057 7.419533 -2.755181 9.091527 3.015216 4.064511 40.844278 162.252685 2126.922699 7.662431 1.622527 18.636634 4.317017 5.819339 46.118572 137.543242 3041.631291 8.020149 1.375432 28.524499 5.340833 7.199443 55.150986 -16.340939 169.994547 5.135766 -0.163409 1.673243 1.293539 1.743690 13.038196 25.285756 188.876309 5.241092 0.252858 1.824826 1.350861 1.820961 13.743228 13.753374 186.760628 5.229828 0.137534 1.848691 1.359666 1.832829 13.666039 
-304.356521 2016.686791 7.609211 -3.137696 10.945449 3.308391 4.459711 44.907536 170.672550 2377.360290 7.773746 1.759511 21.412991 4.627417 6.237759 48.758182 111.842920 2938.823903 7.985765 1.153020 28.967699 5.382165 7.255159 54.210921 -18.046739 112.565276 4.723533 -0.186049 1.125853 1.061062 1.430312 10.609678 19.499575 228.418762 5.431181 0.201027 2.314421 1.521322 2.050742 15.113529 14.175436 184.515510 5.217734 0.146139 1.880865 1.371446 1.848710 13.583649 
-302.744078 2064.411636 7.632601 -3.058021 11.501150 3.391335 4.571519 45.435797 186.479739 2226.827311 7.708333 1.883634 18.945129 4.352600 5.867305 47.189271 151.511523 3311.561312 8.105175 1.530419 31.107931 5.577448 7.518401 57.546167 -9.365260 163.730785 5.098224 -0.094599 1.644897 1.282536 1.728858 12.795733 25.484708 273.746712 5.612203 0.257421 2.698853 1.642818 2.214519 16.545293 22.999055 169.248599 5.131369 0.232314 1.655612 1.286706 1.734480 13.009558 
-256.159166 1707.079752 7.442539 -2.613869 10.586870 3.253747 4.386051 41.316822 186.179901 2391.446964 7.779654 1.899795 20.793299 4.559967 6.146836 48.902423 99.864264 2811.927099 7.941625 1.019023 27.654726 5.258776 7.088830 53.027607 -18.188655 140.075785 4.942184 -0.185599 1.394898 1.181058 1.592066 11.835362 25.655932 216.100506 5.375744 0.261795 2.136570 1.461701 1.970373 14.700357 20.013233 186.643211 5.229199 0.204217 1.862818 1.364851 1.839819 13.661743 
-294.898604 2089.871908 7.644858 -3.205420 12.441284 3.527220 4.754693 45.715117 152.016328 2538.288582 7.839245 1.652351 24.859828 4.985963 6.721079 50.381431 159.712276 3879.264100 8.263401 1.736003 39.152208 6.257173 8.434669 62.283739 -14.589063 132.849801 4.889219 -0.158577 1.418873 1.191165 1.605690 11.526049 22.710449 281.755795 5.641041 0.246853 3.001627 1.732520 2.335438 16.785583 6.284942 177.947218 5.181487 0.068315 1.929542 1.389080 1.872479 13.339686 
-299.668017 2334.371840 7.755498 -3.057837 14.469754 3.803913 5.127675 48.315338 185.111889 2341.191399 7.758415 1.888897 20.321777 4.507968 6.076741 48.385859 167.040289 3765.542182 8.233647 1.704493 35.518604 5.959749 8.033742 61.364014 -17.367826 150.641002 5.014900 -0.177223 1.505745 1.227088 1.654115 12.273590 21.596630 291.121921 5.673742 0.220374 2.922067 1.709406 2.304279 17.062295 22.674821 178.560146 5.184925 0.231376 1.768508 1.329852 1.792641 13.362640 
-352.088975 2784.077715 7.931672 -3.418340 15.344835 3.917248 5.280451 52.764360 187.101586 2509.979253 7.828030 1.816520 21.068985 4.590096 6.187450 50.099693 147.251901 3506.807344 8.162461 1.429630 32.002831 5.657104 7.625777 59.218302 -16.002750 122.087315 4.804736 -0.155367 1.161175 1.077578 1.452576 11.049313 27.195165 307.268909 5.727723 0.264031 2.913481 1.706892 2.300891 17.529088 21.013273 209.297504 5.343757 0.204012 1.990394 1.410813 1.901776 14.467118 
-294.699889 2166.901471 7.681054 -2.917821 12.940792 3.597331 4.849203 46.549989 210.881345 2111.568199 7.655186 2.087934 16.547147 4.067818 5.483419 45.951803 153.605800 3355.932779 8.118485 1.520850 30.914074 5.560043 7.494938 57.930413 -16.300046 177.932269 5.181403 -0.161387 1.735660 1.317444 1.775915 13.339126 16.683308 285.986974 5.655946 0.165181 2.804269 1.674595 2.257355 16.911149 13.260976 126.280279 4.838504 0.131297 1.233061 1.110433 1.496863 11.237450 
-335.148216 2183.137402 7.688518 -3.285767 10.607044 3.256846 4.390228 46.724056 228.810387 2063.406072 7.632113 2.243239 15.197350 3.898378 5.255014 45.424730 135.201804 3090.804869 8.036187 1.325508 28.545037 5.342756 7.202035 55.595008 -14.371122 166.762585 5.116571 -0.140893 1.615076 1.270857 1.713115 12.913659 14.682791 256.297795 5.546340 0.143949 2.492002 1.578608 2.127963 16.009303 14.463700 173.996698 5.159036 0.141801 1.685742 1.298361 1.750191 13.190781 
-282.482996 2153.765248 7.674973 -2.522170 12.868707 3.587298 4.835678 46.408676 152.927091 1754.309372 7.469831 1.365420 13.799104 3.714714 5.007435 41.884477 160.634121 2981.360392 8.000135 1.434233 24.562264 4.956033 6.680733 54.601835 -3.996539 143.374508 4.965460 -0.035683 1.278856 1.130865 1.524406 11.973909 22.927816 285.043501 5.652642 0.204713 2.503124 1.582126 2.132706 16.883231 29.902818 147.617658 4.994626 0.266989 1.246731 1.116571 1.505138 12.149801 
-298.561292 2207.368891 7.699557 -2.843441 12.937405 3.596860 4.848568 46.982645 201.143102 2261.609085 7.723832 1.915649 17.869425 4.227224 5.698298 47.556378 125.814532 3763.106804 8.233000 1.198234 34.403349 5.865437 7.906609 61.344167 -20.230624 173.409593 5.155656 -0.192673 1.614397 1.270589 1.712754 13.168508 29.524262 246.399409 5.506954 0.281183 2.267597 1.505854 2.029892 15.697115 13.679342 194.057579 5.268155 0.130279 1.831195 1.353216 1.824136 13.930455 
-326.384756 2310.169076 7.745076 -3.138315 12.364143 3.516268 4.739930 48.064218 192.257607 2513.023875 7.829242 1.848631 20.746255 4.554806 6.139878 50.130070 125.494604 3444.956614 8.144667 1.206679 31.668509 5.627478 7.585841 58.693753 -20.525041 130.773599 4.873468 -0.197356 1.218489 1.103852 1.487992 11.435628 20.929952 276.182428 5.621062 0.201250 2.615099 1.617127 2.179887 16.618737 16.678150 255.696344 5.543991 0.160367 2.432901 1.559776 2.102578 15.990508 
-287.450156 2064.292399 7.632543 -2.846041 12.338588 3.512633 4.735029 45.434485 202.190265 2051.790253 7.626468 2.001884 16.307216 4.038219 5.443520 45.296691 138.731582 3225.779626 8.078930 1.373580 30.051690 5.481942 7.389658 56.795947 -16.910743 187.930099 5.236070 -0.167433 1.832660 1.353758 1.824866 13.708760 23.168687 232.948782 5.450819 0.229393 2.253802 1.501267 2.023708 15.262660 9.385878 169.667759 5.133842 0.092929 1.671243 1.292766 1.742648 13.025658 
-282.237928 2082.017018 7.641092 -2.740174 12.705204 3.564436 4.804860 45.629125 178.573874 1800.176232 7.495640 1.733727 14.471630 3.804160 5.128007 42.428484 127.380584 3082.182316 8.033393 1.236705 28.394662 5.328664 7.183040 55.517406 -8.025453 119.439546 4.782810 -0.077917 1.153536 1.074028 1.447790 10.928840 18.916180 230.687278 5.441063 0.183652 2.205954 1.485245 2.002111 15.188393 25.128333 162.876692 5.092993 0.243964 1.521808 1.233616 1.662914 12.762315 
-333.544455 2294.821861 7.738410 -3.403515 11.832636 3.439860 4.636931 47.904299 187.712267 2404.896906 7.785262 1.915431 20.870887 4.568467 6.158293 49.039748 115.371914 3178.653074 8.064213 1.177264 31.049284 5.572188 7.511310 56.379545 -19.704114 138.432931 4.930386 -0.201062 1.372155 1.171390 1.579034 11.765752 24.883914 268.446133 5.592650 0.253917 2.674772 1.635473 2.204618 16.384326 20.238049 227.172919 5.425711 0.206511 2.275444 1.508458 2.033401 15.072257 
-291.685725 1868.117451 7.532686 -2.859664 10.137199 3.183897 4.291893 43.221724 195.984315 2084.192872 7.642137 1.921415 16.741428 4.091629 5.515516 45.652961 119.586075 2870.640612 7.962290 1.172413 26.768984 5.173875 6.974384 53.578360 -22.720700 140.176556 4.942903 -0.222752 1.324662 1.150939 1.551466 11.839618 24.886176 219.987808 5.393572 0.243982 2.097216 1.448177 1.952142 14.831986 12.196606 189.020928 5.241858 0.119575 1.838848 1.356041 1.827944 13.748488 
-332.409016 2473.707634 7.813473 -3.106626 13.467636 3.669828 4.946928 49.736381 181.099421 2160.503067 7.678096 1.692518 17.327000 4.162571 5.611146 46.481212 143.531589 3362.729370 8.120508 1.341417 29.627978 5.443159 7.337378 57.989045 -15.595068 122.963269 4.811886 -0.145748 1.127947 1.062048 1.431641 11.088880 23.092897 322.771941 5.776946 0.215821 2.969981 1.723363 2.323094 17.965855 26.506176 198.401144 5.290291 0.247721 1.792850 1.338974 1.804937 14.085494 
-310.407270 2377.592939 7.773844 -2.956260 13.904271 3.728843 5.026481 48.760567 198.754992 2381.927443 7.775665 1.892905 19.101935 4.370576 5.891537 48.804994 158.948689 3602.528127 8.189391 1.513797 32.018210 5.658464 7.627609 60.021064 -18.665569 181.212157 5.199668 -0.177767 1.694229 1.301625 1.754591 13.461507 24.231042 267.757086 5.590080 0.230772 2.496812 1.580130 2.130016 16.363285 17.547023 168.155383 5.124888 0.167115 1.573553 1.254413 1.690949 12.967474 
-278.838913 1786.724493 7.488139 -2.681143 9.991513 3.160936 4.260941 42.269664 191.246716 1919.073395 7.559598 1.838911 15.071036 3.882143 5.233129 43.807230 113.710565 3176.981672 8.063687 1.093371 29.352441 5.417789 7.303180 56.364720 -15.147892 133.761557 4.896059 -0.145653 1.264954 1.124702 1.516098 11.565533 28.471710 210.801890 5.350919 0.273766 1.951993 1.397137 1.883341 14.519018 13.151405 152.150726 5.024872 0.126456 1.446997 1.202912 1.621525 12.334939 
-270.739969 1861.218838 7.528987 -2.707400 11.282175 3.358895 4.527791 43.141846 160.519537 2182.918060 7.688418 1.605195 19.252528 4.387770 5.914715 46.721709 112.446695 3242.349119 8.084053 1.124467 31.159065 5.582031 7.524577 56.941629 -13.179156 118.489636 4.774825 -0.131792 1.167527 1.080522 1.456543 10.885294 21.713620 232.444647 5.448652 0.217136 2.277298 1.509072 2.034229 15.246135 9.943875 159.587877 5.072595 0.099439 1.585991 1.259361 1.697619 12.632810 
-297.187393 1971.533414 7.586567 -2.971874 10.883299 3.298985 4.447031 44.401953 147.693918 2153.719807 7.674952 1.476939 19.355849 4.399528 5.930564 46.408187 146.031302 4257.933343 8.356539 1.460313 40.446819 6.359781 8.572986 65.252842 -23.252138 173.480653 5.156066 -0.232521 1.680740 1.296434 1.747593 13.171205 24.963652 289.924300 5.669620 0.249637 2.836925 1.684317 2.270460 17.027164 3.266517 136.140900 4.913690 0.032665 1.360342 1.166337 1.572222 11.667943 
-265.554785 1992.546665 7.597169 -2.481820 12.462499 3.530226 4.758745 44.637951 120.256872 1528.308470 7.331917 1.123896 13.020115 3.608340 4.864042 39.093586 154.147399 3409.627076 8.134358 1.440630 29.790259 5.458045 7.357445 58.392012 -7.925095 112.000222 4.718501 -0.074066 1.041245 1.020414 1.375518 10.583016 18.683881 305.955069 5.723438 0.174616 2.828903 1.681934 2.267247 17.491571 22.763071 104.133462 4.645673 0.212739 0.927952 0.963303 1.298532 10.204580 
-317.495789 2043.726150 7.622530 -3.207028 10.358669 3.218489 4.338523 45.207590 196.558494 2027.424237 7.614521 1.985439 16.537063 4.066579 5.481748 45.026928 121.501597 3501.170745 8.160853 1.227289 33.859123 5.818859 7.843823 59.170692 -14.432951 175.566516 5.168018 -0.145787 1.752145 1.323686 1.784329 13.250152 25.668052 301.574087 5.709016 0.259273 2.978980 1.725972 2.326611 17.365889 23.684828 146.026373 4.983787 0.239241 1.417778 1.190705 1.605070 12.084137 
-274.620509 1850.565963 7.523247 -2.921495 11.151740 3.339422 4.501541 43.018205 201.712900 2356.780709 7.765052 2.145882 20.467326 4.524083 6.098464 48.546686 114.712424 3745.673688 8.228357 1.220345 38.358351 6.193412 8.348720 61.201909 -13.817672 169.657071 5.133779 -0.146997 1.783254 1.335386 1.800100 13.025247 18.501967 220.713972 5.396868 0.196829 2.309279 1.519631 2.048463 14.856445 10.414758 144.891520 4.975985 0.110795 1.529124 1.236577 1.666906 12.037089 
-285.498664 2025.075258 7.613362 -2.745179 11.935867 3.454832 4.657114 45.000836 153.866064 1473.759523 7.295572 1.479481 11.981899 3.461488 4.666086 38.389576 107.998511 3847.679090 8.255225 1.038447 35.918542 5.993208 8.078845 62.029663 -15.987864 120.150108 4.788742 -0.153729 1.131657 1.063794 1.433994 10.961300 18.745849 293.039085 5.680306 0.180249 2.785194 1.668890 2.249664 17.118384 15.629416 102.034246 4.625309 0.150283 0.958514 0.979037 1.319742 10.101200 
-315.866362 2518.702125 7.831499 -2.952022 14.824838 3.850304 5.190209 50.186673 196.252429 2470.311916 7.812100 1.834135 19.722977 4.441056 5.986543 49.702233 130.550803 4710.771966 8.457607 1.220101 42.537260 6.522059 8.791737 68.635064 -18.381969 178.713262 5.185783 -0.171794 1.640704 1.280900 1.726653 13.368368 19.715159 251.777118 5.528544 0.184254 2.319108 1.522862 2.052818 15.867486 18.796353 194.104387 5.268396 0.175667 1.783201 1.335365 1.800073 13.932135 
-323.500664 2540.858585 7.840257 -3.267683 14.987483 3.871367 5.218603 50.406930 247.053436 2860.246159 7.958663 2.495489 22.663909 4.760663 6.417373 53.481269 91.004910 3729.470255 8.224021 0.919242 36.826412 6.068477 8.180307 61.069389 -20.961868 147.523302 4.993986 -0.211736 1.445302 1.202207 1.620575 12.145917 22.778904 244.036822 5.497319 0.230090 2.412077 1.553086 2.093560 15.621678 10.187543 219.573986 5.391689 0.102904 2.207330 1.485708 2.002735 14.818029 
-339.162457 2500.622525 7.824295 -3.532942 13.566470 3.683269 4.965047 50.006225 219.913701 2793.031944 7.934883 2.290768 23.846466 4.883284 6.582668 52.849143 113.352045 4838.651410 8.484391 1.180750 49.008447 7.000603 9.436814 69.560416 -19.691750 187.171481 5.232025 -0.205122 1.907628 1.381169 1.861816 13.681063 20.636060 290.065319 5.670106 0.214959 2.975306 1.724908 2.325176 17.031304 11.420553 177.918895 5.181328 0.118964 1.839169 1.356160 1.828103 13.338624 
-340.702750 2621.850713 7.871636 -3.663470 14.770928 3.843296 5.180764 51.204011 215.357266 2548.273569 7.843171 2.315670 22.038466 4.694514 6.328206 50.480428 146.325858 4032.142020 8.302053 1.573396 40.880790 6.393809 8.618854 63.499150 -22.959651 178.496714 5.184570 -0.246878 1.858371 1.363221 1.837622 13.360266 17.627098 334.437506 5.812450 0.189539 3.560177 1.886843 2.543465 18.287633 33.637937 159.293572 5.070749 0.361698 1.582008 1.257779 1.695486 12.621156 
-378.909060 3712.871435 8.219561 -4.305785 23.651938 4.863326 6.555763 60.933336 209.325710 3806.489679 8.244463 2.378701 37.597345 6.131667 8.265488 61.696756 144.474324 6193.571911 8.731267 1.641754 67.686144 8.227159 11.090211 78.699250 -18.115417 153.728973 5.035191 -0.205857 1.704543 1.305581 1.759924 12.398749 12.862314 336.193731 5.817688 0.146163 3.799020 1.949107 2.627397 18.335586 26.995070 227.114558 5.425455 0.306762 2.486744 1.576941 2.125717 15.070320 
-374.269717 3035.466039 8.018120 -4.158552 16.433842 4.053868 5.464614 55.095064 188.827577 3193.751050 8.068951 2.098084 31.084166 5.575318 7.515528 56.513282 129.745419 4141.174234 8.328735 1.441616 43.934791 6.628332 8.934992 64.351956 -24.409681 149.316840 5.006070 -0.271219 1.585516 1.259173 1.697365 12.219527 20.095848 294.145915 5.684076 0.223287 3.218431 1.793999 2.418310 17.150683 14.049665 260.529356 5.562716 0.156107 2.870401 1.694226 2.283816 16.140922 
-356.356229 2725.270294 7.910323 -3.599558 14.571166 3.817220 5.145612 52.204121 229.280266 3103.433761 8.040264 2.315962 25.984134 5.097464 6.871381 55.708471 142.711649 4428.068644 8.395719 1.441532 42.649952 6.530693 8.803375 66.543735 -22.298580 186.341146 5.227579 -0.225238 1.831502 1.353330 1.824289 13.650683 23.279843 268.564350 5.593091 0.235150 2.657476 1.630177 2.197478 16.387933 20.896207 230.612700 5.440740 0.211073 2.284869 1.511578 2.037608 15.185938 
-355.919290 3077.039225 8.031723 -3.707493 18.306991 4.278667 5.767643 55.471067 133.516649 1914.194352 7.557052 1.390798 18.005204 4.243254 5.719907 43.751507 232.535934 5400.842745 8.594310 2.422249 50.391487 7.098696 9.569043 73.490426 -1.086378 187.321561 5.232827 -0.011316 1.951138 1.396831 1.882929 13.686547 17.087484 451.100382 6.111690 0.177995 4.667280 2.160389 2.912204 21.239124 34.696268 99.410678 4.599260 0.361419 0.904904 0.951264 1.282304 9.970490 
-284.476205 2501.123194 7.824495 -3.026343 17.448944 4.177193 5.630857 50.011231 117.878708 2947.781852 7.988808 1.254029 29.786793 5.457728 7.357017 54.293479 175.991704 5075.885511 8.532256 1.872252 50.493454 7.105875 9.578719 71.245249 -5.319087 159.809004 5.073979 -0.056586 1.696894 1.302649 1.755971 12.641559 20.902450 349.979984 5.857876 0.222366 3.673744 1.916701 2.583714 18.707752 40.401472 167.770091 5.122595 0.429803 1.600058 1.264934 1.705131 12.952609 
-393.998254 3772.365950 8.235458 -4.147350 22.508603 4.744323 6.395348 61.419589 183.823662 2044.490731 7.622904 1.934986 17.776785 4.216252 5.683508 45.216045 172.627851 5313.956738 8.578092 1.817135 52.634406 7.254957 9.779683 72.896891 -23.836206 123.473137 4.816024 -0.250907 1.236763 1.112098 1.499109 11.111847 24.249714 471.654884 6.156248 0.255260 4.899631 2.213511 2.983813 21.717617 28.564086 167.731913 5.122367 0.300675 1.675194 1.294293 1.744707 12.951136 
-383.358254 3809.379045 8.245221 -4.122132 23.969095 4.895824 6.599571 61.720167 245.662537 3027.186818 8.015389 2.641533 25.572701 5.056946 6.816763 55.019877 186.638207 6068.358923 8.710843 2.006862 61.223674 7.824556 10.547502 77.899672 -18.924813 225.440641 5.418057 -0.203493 2.382684 1.543594 2.080765 15.014681 22.870350 372.849035 5.921174 0.245918 3.948654 1.987122 2.678641 19.309299 24.312916 187.881715 5.235813 0.261429 1.951888 1.397100 1.883291 13.706995 
-404.018349 4042.452275 8.304607 -3.037732 21.166563 4.600713 6.201762 63.580282 186.165401 2777.808572 7.929418 1.399740 18.926507 4.350461 5.864421 52.704920 178.430057 6205.359564 8.733169 1.341579 44.857004 6.697537 9.028280 78.774105 -21.086174 184.805514 5.219304 -0.158543 1.364379 1.168067 1.574554 13.594319 21.276463 447.285299 6.103197 0.159973 3.337456 1.826871 2.462622 21.149121 16.952631 164.568690 5.103328 0.127463 1.221112 1.105039 1.489593 12.828433 
-363.040831 3221.672769 8.077656 -3.025340 17.694589 4.206494 5.670354 56.759781 190.726181 2174.086951 7.684364 1.589385 15.591247 3.948575 5.322680 46.627105 173.833997 4452.454563 8.401211 1.448617 35.005298 5.916528 7.975479 66.726716 -17.947126 137.974192 4.927067 -0.149559 1.127417 1.061799 1.431305 11.746242 18.646340 373.969129 5.924173 0.155386 3.092265 1.758484 2.370436 19.338281 27.934071 193.391035 5.264714 0.232784 1.557404 1.247960 1.682250 13.906511 
-304.421676 2930.115716 7.982797 -3.273351 20.791791 4.559802 6.146613 54.130543 198.235253 2765.201915 7.924869 2.131562 25.189798 5.018944 6.765537 52.585187 125.015223 4790.155180 8.474318 1.344250 49.700038 7.049825 9.503165 69.210947 -13.823475 99.521372 4.600372 -0.148640 1.048029 1.023733 1.379992 9.976040 21.593939 311.324975 5.740837 0.232193 3.293667 1.814846 2.446413 17.644404 17.338172 159.938532 5.074790 0.186432 1.685012 1.298080 1.749812 12.646681 
-363.241127 3120.210135 8.045656 -3.823591 18.224471 4.269013 5.754630 55.858841 211.562433 2248.441597 7.717993 2.226973 18.708398 4.325321 5.830532 47.417735 181.419259 4592.374641 8.432153 1.909676 44.693922 6.685351 9.011854 67.767062 -18.316812 141.922744 4.955283 -0.192809 1.456748 1.206958 1.626980 11.913133 15.519745 392.841042 5.973405 0.163366 4.108481 2.026939 2.732313 19.820218 25.727390 162.307421 5.089492 0.270815 1.635159 1.278733 1.723732 12.739993 
-375.237670 3234.295086 8.081566 -3.573692 18.031535 4.246356 5.724087 56.870863 199.626351 2292.507154 7.737401 1.901203 18.218827 4.268352 5.753738 47.880133 188.611836 4413.494960 8.392422 1.796303 38.806580 6.229493 8.397357 66.434140 -10.466238 161.515055 5.084598 -0.099678 1.528303 1.236245 1.666459 12.708857 19.010776 425.845180 6.054076 0.181055 4.022887 2.005714 2.703702 20.636017 24.931780 172.039221 5.147722 0.237446 1.582088 1.257811 1.695529 13.116372 
-330.222744 2892.204948 7.969774 -3.369620 18.157958 4.261215 5.744119 53.779224 212.755737 2860.934662 7.958904 2.170977 24.480070 4.947734 6.669545 53.487706 140.815455 5061.732211 8.529464 1.436892 49.585669 7.041709 9.492224 71.145852 -15.709183 174.622899 5.162629 -0.160298 1.756171 1.325206 1.786378 13.214496 16.479029 304.979477 5.720244 0.168153 3.083760 1.756064 2.367174 17.463662 19.516981 215.888729 5.374763 0.199153 2.163284 1.470811 1.982653 14.693152 
-257.886869 2012.625029 7.607195 -2.686322 13.748521 3.707900 4.998249 44.862290 177.177085 2251.490709 7.719348 1.845595 20.046809 4.477366 6.035490 47.449876 136.053439 5154.288330 8.547584 1.417223 51.681981 7.189018 9.690797 71.793372 -8.447439 171.071842 5.142084 -0.087994 1.774255 1.332012 1.795552 13.079443 36.746633 310.738610 5.738952 0.382777 3.090342 1.757937 2.369699 17.627779 17.143649 160.911855 5.080857 0.178580 1.644274 1.282293 1.728531 12.685104 
-289.004600 2176.539462 7.685491 -2.919238 13.463294 3.669236 4.946131 46.653397 193.295751 2178.039632 7.686180 1.952482 18.188213 4.264764 5.748902 46.669472 138.649143 4210.712055 8.345387 1.400496 40.571055 6.369541 8.586142 64.890000 -17.386647 163.664987 5.097822 -0.175623 1.622338 1.273710 1.716962 12.793162 28.219945 296.867366 5.693285 0.285050 2.917407 1.708042 2.302440 17.229839 20.002881 167.257687 5.119536 0.202049 1.648648 1.283997 1.730828 12.932814 
-324.492862 2470.111727 7.812019 -3.181303 14.096096 3.754477 5.061035 49.700219 217.970696 2527.156556 7.834850 2.136968 20.209414 4.495488 6.059918 50.270832 161.660081 3724.705940 8.222743 1.584903 34.004808 5.831364 7.860679 61.030369 -16.787987 173.540774 5.156413 -0.164588 1.674291 1.293944 1.744236 13.173488 24.093275 333.948636 5.810987 0.236209 3.218212 1.793937 2.418228 18.274262 17.947663 216.825142 5.379091 0.175957 2.094776 1.447334 1.951006 14.724984 
-300.851493 2028.535916 7.615070 -3.133870 11.309443 3.362952 4.533259 45.039271 212.324154 1790.055127 7.490002 2.211710 13.754747 3.708739 4.999381 42.309043 149.991771 3266.422528 8.091451 1.562414 31.584096 5.619973 7.575724 57.152625 -14.983985 153.875958 5.036147 -0.156083 1.578513 1.256389 1.693612 12.404675 25.883072 295.731737 5.689453 0.269615 3.007846 1.734314 2.337856 17.196853 23.293051 162.923455 5.093280 0.242636 1.638247 1.279940 1.725360 12.764147 
-276.325362 1860.946260 7.528840 -2.791165 11.006833 3.317655 4.472199 43.138686 187.564185 1987.254261 7.594509 1.894588 16.483813 4.060026 5.472916 44.578630 132.202782 3174.819491 8.063006 1.335382 30.285640 5.503239 7.418366 56.345537 -22.099111 171.079897 5.142131 -0.223223 1.678251 1.295473 1.746298 13.079751 26.259386 246.590721 5.507730 0.265246 2.420460 1.555783 2.097195 15.703207 14.124083 169.976995 5.135663 0.142668 1.696585 1.302530 1.755811 13.037523 
-277.098332 1765.789257 7.476353 -2.916825 10.079390 3.174805 4.279638 42.021295 147.475422 1930.523035 7.565546 1.552373 17.911434 4.232190 5.704993 43.937718 123.417258 3439.843459 8.143181 1.299129 34.521142 5.875470 7.920133 58.650179 -11.410558 140.126603 4.942546 -0.120111 1.460590 1.208549 1.629124 11.837508 25.065848 303.177105 5.714317 0.263851 3.121721 1.766839 2.381699 17.411982 18.096165 166.349766 5.114093 0.190486 1.714765 1.309490 1.765193 12.897665 
-314.204583 1823.359806 7.508436 -3.021198 8.404669 2.899081 3.907961 42.700817 212.997274 2023.345271 7.612507 2.048051 15.260731 3.906499 5.265960 44.981610 123.967393 3281.002292 8.095904 1.191994 30.127249 5.488829 7.398942 57.280034 -20.048565 212.845377 5.360566 -0.192775 2.009428 1.417543 1.910848 14.589221 21.603495 300.807415 5.706470 0.207726 2.849229 1.687966 2.275378 17.343800 13.132874 150.052118 5.010983 0.126278 1.426863 1.194514 1.610204 12.249576 
-292.640069 1881.435132 7.539790 -2.787048 10.150792 3.186031 4.294770 43.375513 177.832755 1843.403661 7.519369 1.693645 14.687791 3.832465 5.166164 42.934877 148.720234 3977.128665 8.288315 1.416383 35.871275 5.989263 8.073527 63.064480 -4.640108 203.522096 5.315775 -0.044192 1.936353 1.391529 1.875781 14.266117 18.784418 309.474808 5.734877 0.178899 2.915374 1.707447 2.301638 17.591896 11.687421 119.006040 4.779174 0.111309 1.121001 1.058773 1.427227 10.908989 
-248.760368 1522.998490 7.328436 -2.415149 8.953447 2.992231 4.033528 39.025613 222.017402 2219.089516 7.704852 2.155509 16.898340 4.110759 5.541303 47.107213 126.929866 3038.414812 8.019091 1.232329 27.980539 5.289663 7.130466 55.121818 -15.893181 243.729956 5.496061 -0.154303 2.342501 1.530523 2.063145 15.611853 21.284498 213.169538 5.362088 0.206646 2.026905 1.423694 1.919140 14.600327 14.519489 122.707480 4.809803 0.140966 1.171463 1.082342 1.458997 11.077341 
-250.381176 1577.074462 7.363327 -2.529103 9.533684 3.087666 4.162175 39.712397 213.748349 1905.405190 7.552450 2.159074 14.584916 3.819020 5.148039 43.650947 146.927048 3255.461602 8.088089 1.484112 30.680863 5.539031 7.466614 57.056653 -14.233238 228.715499 5.432479 -0.143770 2.289588 1.513138 2.039711 15.123343 20.261473 251.418482 5.527119 0.204661 2.497694 1.580410 2.130392 15.856181 21.624468 88.806933 4.486465 0.218429 0.849329 0.921590 1.242304 9.423743 
-272.219334 1676.694352 7.424579 -2.749690 9.375510 3.061945 4.127503 40.947458 191.535913 1529.094982 7.332431 1.934706 11.702316 3.420865 4.611326 39.103644 125.444141 3134.341658 8.050174 1.267113 30.054443 5.482193 7.389997 55.985191 -15.216812 158.635834 5.066611 -0.153705 1.578757 1.256486 1.693743 12.595072 21.918110 284.180985 5.649611 0.221395 2.821499 1.679732 2.264279 16.857668 18.833644 131.284818 4.877369 0.190239 1.289918 1.135746 1.530985 11.457959 
-269.037152 1485.142404 7.303266 -2.586896 7.588186 2.754666 3.713290 38.537545 156.227418 1528.419642 7.331990 1.502187 12.439778 3.527007 4.754405 39.095008 145.199476 2978.603377 7.999210 1.396149 26.691186 5.166351 6.964242 54.576583 -11.189831 196.610185 5.281223 -0.107595 1.878906 1.370732 1.847747 14.021775 20.578714 276.345442 5.621652 0.197872 2.618014 1.618028 2.181102 16.623641 21.133286 86.632524 4.461675 0.203205 0.791713 0.889783 1.199427 9.307659 
-271.255870 1583.771413 7.367564 -2.767917 8.499568 2.915402 3.929962 39.796626 166.998309 1743.995455 7.463934 1.704064 14.892037 3.859020 5.201959 41.761172 140.607404 3050.160744 8.022950 1.434769 29.065526 5.391245 7.267399 55.228260 -15.405881 153.147071 5.031399 -0.157203 1.538012 1.240166 1.671744 12.375260 13.014131 290.808309 5.672664 0.132797 2.949797 1.717497 2.315186 17.053103 20.624949 88.478437 4.482759 0.210459 0.858548 0.926579 1.249028 9.406298 
-267.675170 1606.424460 7.381766 -2.525237 8.778124 2.962790 3.993841 40.080225 150.015259 1638.959614 7.401817 1.415238 13.458984 3.668649 4.945339 40.484066 115.524222 2508.309630 7.827364 1.089851 22.475523 4.740836 6.390647 50.083027 -13.088878 118.434898 4.774363 -0.123480 1.102063 1.049792 1.415120 10.882780 20.254699 234.597941 5.457873 0.191082 2.176676 1.475356 1.988780 15.316590 16.534586 148.289040 4.999163 0.155987 1.374621 1.172442 1.580453 12.177399 
-296.680668 1823.419419 7.508469 -2.880395 9.406427 3.066990 4.134302 42.701515 188.776932 2026.925837 7.614276 1.832786 16.319788 4.039776 5.445618 45.021393 160.308902 3223.284246 8.078156 1.556397 28.871650 5.373235 7.243120 56.773975 -12.869702 188.368375 5.238399 -0.124949 1.813207 1.346554 1.815155 13.724736 18.252066 281.096091 5.638697 0.177205 2.697687 1.642464 2.214041 16.765921 11.666060 109.570335 4.696567 0.113263 1.050961 1.025164 1.381921 10.467585 
-224.657619 1264.631334 7.142536 -2.202526 7.547227 2.747222 3.703255 35.561655 149.052986 1668.261593 7.419537 1.461304 14.220097 3.770954 5.083247 40.844358 109.346658 3014.663473 8.011243 1.072026 28.406284 5.329755 7.184510 54.905951 -15.024511 134.739682 4.903345 -0.147299 1.299280 1.139860 1.536531 11.607742 18.839604 257.915523 5.552632 0.184702 2.494469 1.579389 2.129016 16.059749 17.001015 106.552713 4.668640 0.166677 1.016853 1.008391 1.359312 10.322437 
-290.967699 1880.136517 7.539100 -2.744978 10.202231 3.194093 4.305638 43.360541 170.093460 1583.016283 7.367087 1.604655 12.359197 3.515565 4.738982 39.787137 159.187897 3256.002425 8.088255 1.501773 28.461683 5.334949 7.191512 57.061392 -21.191990 136.897567 4.919233 -0.199924 1.251517 1.118712 1.508024 11.700323 16.820347 321.024136 5.771516 0.158683 3.003349 1.733017 2.336108 17.917146 17.449443 110.370926 4.703847 0.164617 1.014136 1.007043 1.357494 10.505757 
-237.694996 1579.987602 7.365172 -2.528670 10.414206 3.227105 4.350138 39.749058 201.441850 1846.299835 7.520939 2.142998 15.049045 3.879310 5.229310 42.968591 97.805759 3194.818534 8.069286 1.040487 32.904818 5.736272 7.732495 56.522726 -4.768294 158.218383 5.063976 -0.050727 1.680601 1.296380 1.747520 12.578489 20.566724 187.645611 5.234555 0.218795 1.948359 1.395836 1.881587 13.698380 4.180680 125.422684 4.831690 0.044475 1.332306 1.154256 1.555937 11.199227 
-268.265164 1675.402097 7.423808 -2.656091 9.533322 3.087608 4.162095 40.931676 182.978953 1748.302527 7.466401 1.811673 14.027768 3.745366 5.048754 41.812708 177.272612 3245.852181 8.085133 1.755174 29.056513 5.390409 7.266272 56.972381 -14.426684 192.265684 5.258878 -0.142838 1.883218 1.372304 1.849866 13.865990 11.485470 298.569795 5.699004 0.113718 2.943205 1.715577 2.312598 17.279172 26.078069 91.178867 4.512823 0.258199 0.836094 0.914382 1.232587 9.548763 
-279.779958 1689.796534 7.432363 -2.945052 9.114000 3.018940 4.069531 41.107135 203.454508 2129.168297 7.663487 2.141626 17.825734 4.222053 5.691328 46.142912 143.319636 2647.732746 7.881459 1.508628 25.594913 5.059142 6.819723 51.456124 -9.436672 219.416711 5.390973 -0.099333 2.299782 1.516503 2.044247 14.812721 28.288915 268.797003 5.593956 0.297778 2.740770 1.655527 2.231651 16.395030 15.343220 158.587169 5.066304 0.161508 1.643254 1.281895 1.727994 12.593140 
-277.297007 1810.417768 7.501313 -2.745515 10.387076 3.222899 4.344468 42.549004 158.772148 1656.520477 7.412475 1.572001 13.930004 3.732292 5.031130 40.700374 127.529105 2952.099645 7.990272 1.262664 27.634388 5.256842 7.086223 54.333228 -15.508772 189.769584 5.245811 -0.153552 1.855328 1.362104 1.836117 13.775688 22.289612 311.748025 5.742195 0.220689 3.037910 1.742960 2.349510 17.656388 32.092075 159.752145 5.073624 0.317743 1.480744 1.216858 1.640325 12.639310 
-239.335248 1432.727884 7.267336 -2.546120 8.759061 2.959571 3.989502 37.851392 192.041494 2263.980110 7.724880 2.042995 19.911068 4.462182 6.015021 47.581300 147.757557 3445.807837 8.144914 1.571889 34.186695 5.846939 7.881674 58.701004 -11.702838 221.119072 5.398701 -0.124498 2.336831 1.528670 2.060647 14.870073 19.781708 214.450464 5.368079 0.210444 2.237101 1.495694 2.016196 14.644127 17.113212 124.919462 4.827669 0.182055 1.295786 1.138326 1.534464 11.176738 
-268.080943 1602.399244 7.379257 -2.654267 8.820207 2.969883 4.003403 40.029979 162.709896 2034.666676 7.618087 1.610989 17.549929 4.189264 5.647127 45.107280 135.538353 3020.780123 8.013270 1.341964 28.107847 5.301683 7.146670 54.961624 -13.015843 176.625151 5.174030 -0.128870 1.732156 1.316114 1.774122 13.290040 23.335194 270.988356 5.602076 0.231042 2.629673 1.621627 2.185953 16.461724 2.120721 130.818243 4.873809 0.020997 1.294789 1.137888 1.533873 11.437580 
-268.075294 1683.956388 7.428901 -2.553098 9.519370 3.085348 4.159049 41.036038 194.953923 1613.984713 7.386461 1.856704 11.923933 3.453105 4.654786 40.174429 144.282202 3157.701439 8.057600 1.374116 28.185152 5.308969 7.156490 56.193429 -10.998508 209.904518 5.346653 -0.104748 1.988119 1.410007 1.900689 14.488082 32.206365 291.091103 5.673636 0.306727 2.678215 1.636525 2.206036 17.061392 28.939136 113.397671 4.730901 0.275611 1.004017 1.002006 1.350704 10.648834 
-291.128664 1819.478444 7.506305 -2.882462 9.706051 3.115454 4.199632 42.655345 244.044297 2239.727539 7.714110 2.416280 16.337110 4.041919 5.448507 47.325760 132.703795 3454.843805 8.147533 1.313899 32.480044 5.699127 7.682423 58.777919 -15.004126 201.437265 5.305478 -0.148556 1.972360 1.404407 1.893141 14.192860 26.551406 247.376357 5.510911 0.262885 2.380162 1.542777 2.079664 15.728203 24.578825 179.447163 5.189881 0.243355 1.717483 1.310528 1.766592 13.395789 
-266.582471 1611.826914 7.385124 -2.806131 9.092226 3.015332 4.064668 40.147564 188.304249 2213.044222 7.702124 1.982150 19.366284 4.400714 5.932163 47.043004 140.122984 3336.454802 8.112664 1.474979 32.945014 5.739775 7.737217 57.762053 -24.125608 179.084786 5.187859 -0.253954 1.820610 1.349300 1.818856 13.382256 15.175811 268.700097 5.593596 0.159745 2.802903 1.674187 2.256805 16.392074 5.223822 123.835066 4.818951 0.054988 1.300503 1.140396 1.537254 11.128121 
-260.922412 1871.631495 7.534566 -2.583390 11.857100 3.443414 4.641722 43.262357 165.872405 1671.585368 7.421528 1.642301 13.853197 3.721988 5.017241 40.885026 180.211676 3519.303541 8.166018 1.784274 31.660956 5.626807 7.584936 59.323718 -19.271912 164.020710 5.099993 -0.190811 1.587559 1.259984 1.698458 12.807057 14.969433 318.388864 5.763273 0.148212 3.130398 1.769293 2.385007 17.843454 22.727782 88.466876 4.482628 0.225028 0.825272 0.908445 1.224584 9.405683 
-275.960984 1930.156152 7.565356 -2.679233 11.561091 3.400160 4.583417 43.933542 193.531327 2212.506842 7.701881 1.878945 17.950215 4.236769 5.711165 47.037292 163.386962 3168.052538 8.060872 1.586281 28.241504 5.314274 7.163641 56.285456 -6.018885 163.293536 5.095549 -0.058436 1.581959 1.257760 1.695460 12.778636 28.216820 279.111620 5.631612 0.273950 2.634773 1.623198 2.188072 16.706634 1.824711 163.519830 5.096934 0.017716 1.587257 1.259864 1.698297 12.787487 
-207.804771 1574.283821 7.361556 -2.099038 11.495896 3.390560 4.570475 39.677246 216.365332 1844.539492 7.519985 2.185508 13.855265 3.722266 5.017615 42.948102 136.005998 3323.084740 8.108649 1.373798 31.679192 5.628427 7.587120 57.646203 -7.797976 223.720864 5.410399 -0.078767 2.253602 1.501200 2.023618 14.957301 11.219766 204.277210 5.319478 0.113331 2.050562 1.431978 1.930307 14.292558 21.715701 119.742649 4.785345 0.219351 1.161407 1.077686 1.452721 10.942698 
-287.879277 2291.065776 7.736772 -2.794944 14.431643 3.798900 5.120918 47.865079 183.491752 1595.300584 7.374817 1.781473 12.314708 3.509232 4.730445 39.941214 137.513149 3053.388667 8.024007 1.335079 27.862114 5.278458 7.115361 55.257476 -14.939669 110.701500 4.706837 -0.145045 1.053734 1.026515 1.383743 10.521478 23.421075 319.118862 5.765564 0.227389 3.046536 1.745433 2.352843 17.863898 15.516571 149.013158 5.004035 0.150646 1.424035 1.193330 1.608608 12.207095 
-270.963899 1696.478563 7.436310 -2.822541 9.704916 3.115271 4.199386 41.188330 210.196889 1889.189430 7.543903 2.189551 14.884923 3.858098 5.200717 43.464807 145.563340 3196.847707 8.069921 1.516285 31.001377 5.567888 7.505513 56.540673 -10.503107 201.266629 5.304631 -0.109407 2.084557 1.443800 1.946242 14.186847 22.551664 269.620061 5.597014 0.234913 2.753358 1.659325 2.236770 16.420111 17.987115 110.797673 4.707706 0.187366 1.119036 1.057845 1.425975 10.526047 
-223.357475 1306.521518 7.175124 -2.211460 8.045301 2.836424 3.823500 36.145837 229.771797 2174.392014 7.684504 2.274968 16.353153 4.043903 5.451182 46.630377 122.553299 3001.144830 8.006749 1.213399 28.241968 5.314317 7.163700 54.782706 -21.843722 237.438250 5.469908 -0.216274 2.304099 1.517926 2.046164 15.409031 24.877123 238.741766 5.475382 0.246308 2.303112 1.517601 2.045726 15.451271 25.424848 105.171705 4.655594 0.251731 0.977935 0.988906 1.333046 10.255326 
-247.120683 1648.306955 7.407504 -2.446739 10.333337 3.214551 4.333215 40.599347 178.620713 1750.966882 7.467923 1.768522 14.208636 3.769434 5.081198 41.844556 119.308931 3239.504486 8.083176 1.181277 30.678888 5.538853 7.466374 56.916645 -7.298122 166.594403 5.115562 -0.072259 1.644228 1.282275 1.728506 12.907145 12.806700 270.291655 5.599502 0.126799 2.660077 1.630974 2.198553 16.440549 23.660249 107.840244 4.680651 0.234260 1.012847 1.006403 1.356632 10.384616 
-292.270862 1753.528753 7.469385 -2.706212 8.912796 2.985431 4.024361 41.875157 152.777725 1769.418773 7.478406 1.414609 14.382390 3.792412 5.112172 42.064460 143.310923 3266.803995 8.091567 1.326953 28.487381 5.337357 7.194758 57.155962 -14.641346 151.001168 5.017288 -0.135568 1.379780 1.174640 1.583415 12.288253 24.297630 277.200538 5.624741 0.224978 2.516057 1.586208 2.138209 16.649340 12.118206 128.355222 4.854802 0.112206 1.175884 1.084382 1.461747 11.329396 
-266.121919 1586.745817 7.369441 -2.609038 8.749250 2.957913 3.987267 39.833978 119.695952 1592.335832 7.372957 1.173490 14.234057 3.772805 5.085741 39.904083 152.988280 3172.989779 8.062430 1.499885 28.858088 5.371972 7.241419 56.329298 -9.719243 198.021700 5.288377 -0.095287 1.932310 1.390075 1.873822 14.072018 15.784646 320.061196 5.768512 0.154751 3.113907 1.764627 2.378717 17.890254 17.791903 103.322231 4.637853 0.174430 0.982537 0.991230 1.336178 10.164754 
-275.094059 1585.343044 7.368556 -2.645135 8.246943 2.871749 3.871118 39.816367 164.592465 1461.182552 7.287001 1.582620 11.545147 3.397815 4.580255 38.225418 115.733156 3095.187882 8.037604 1.112819 28.523056 5.340698 7.199261 55.634413 -10.793169 121.901438 4.803213 -0.103780 1.161359 1.077664 1.452691 11.040898 21.632739 282.553619 5.643868 0.208007 2.673595 1.635113 2.204133 16.809331 20.719290 109.754419 4.698245 0.199224 1.015641 1.007790 1.358501 10.476374 
-244.999531 1473.776541 7.295583 -2.449995 8.735288 2.955552 3.984084 38.389797 174.647643 1795.077636 7.492804 1.746476 14.900596 3.860129 5.203454 42.368357 96.258690 3050.427421 8.023037 0.962587 29.577701 5.438538 7.331150 55.230675 -7.453707 179.456478 5.189933 -0.074537 1.789009 1.337538 1.803002 13.396137 18.258241 230.783004 5.441478 0.182582 2.274494 1.508142 2.032976 15.191544 11.195292 125.371809 4.831284 0.111953 1.241185 1.114085 1.501786 11.196955 
-198.380132 1211.741645 7.099814 -1.926021 8.054926 2.838120 3.825786 34.810080 115.474933 1237.488297 7.120839 1.121116 10.757549 3.279870 4.421265 35.177952 84.162617 2675.458496 7.891876 0.817113 25.307652 5.030671 6.781345 51.724834 -14.665108 78.897022 4.368143 -0.142380 0.745719 0.863550 1.164065 8.882400 12.964798 189.985125 5.246946 0.125872 1.828672 1.352284 1.822879 13.783509 11.424235 95.778579 4.562039 0.110915 0.917587 0.957908 1.291260 9.786653 
-229.291994 1479.223104 7.299272 -2.183733 9.319148 3.052728 4.115077 38.460670 142.247089 1398.003753 7.242801 1.354734 11.479017 3.388070 4.567118 37.389888 117.999074 3356.489204 8.118651 1.123801 30.703636 5.541086 7.469384 57.935216 -14.278642 172.117495 5.148177 -0.135987 1.620722 1.273076 1.716106 13.119356 20.680514 266.999666 5.587247 0.196957 2.504062 1.582423 2.133106 16.340124 26.206695 95.193918 4.555916 0.249588 0.844315 0.918866 1.238631 9.756737 
-251.323356 1445.074775 7.275916 -2.564524 8.168877 2.858125 3.852752 38.014139 143.148576 1565.924092 7.356231 1.460700 13.845173 3.720910 5.015787 39.571759 124.461773 2765.040473 7.924811 1.270018 26.601753 5.157689 6.952565 52.583652 -15.698528 133.985969 4.897735 -0.160189 1.341543 1.158250 1.561321 11.575231 18.740184 279.945315 5.634594 0.191226 2.820017 1.679291 2.263684 16.731566 22.928590 109.125051 4.692494 0.233965 1.058781 1.028971 1.387053 10.446294 
-305.715770 1922.989454 7.561636 -2.779234 9.757579 3.123712 4.210764 43.851904 166.418767 1620.177469 7.390291 1.512898 12.440026 3.527042 4.754453 40.251428 139.545086 3177.376240 8.063811 1.268592 27.275914 5.222635 7.040112 56.368220 -7.917541 115.943410 4.753102 -0.071978 1.048850 1.024134 1.380533 10.767702 17.912627 309.207565 5.734013 0.162842 2.784460 1.668670 2.249368 17.584299 27.930908 161.008114 5.081455 0.253917 1.399236 1.182893 1.594540 12.688897 
-269.165775 1473.502483 7.295397 -2.515568 7.442969 2.728181 3.677587 38.386228 137.837857 1829.410686 7.511749 1.288204 15.437826 3.929100 5.296427 42.771611 109.237588 2826.184307 7.946683 1.020912 25.370676 5.036931 6.789784 53.161869 -13.948870 143.516281 4.966448 -0.130363 1.324279 1.150773 1.551242 11.979828 21.642322 260.406900 5.562245 0.202265 2.392798 1.546867 2.085177 16.137128 7.880329 170.453120 5.138460 0.073648 1.587596 1.259998 1.698478 13.055770 
-251.429301 1426.914580 7.263270 -2.489399 7.930760 2.816160 3.796184 37.774523 137.235731 1643.203191 7.404403 1.358770 14.423084 3.797774 5.119399 40.536443 148.254932 3082.281181 8.033425 1.467871 28.362991 5.325692 7.179033 55.518296 -12.428465 169.530058 5.133030 -0.123054 1.663373 1.289718 1.738540 13.020371 24.115428 303.884401 5.716647 0.238767 2.951747 1.718065 2.315952 17.432280 16.199589 122.667375 4.809476 0.160392 1.188803 1.090322 1.469755 11.075530 
-285.344978 1652.762945 7.410204 -2.666775 8.334691 2.886987 3.891658 40.654187 157.085776 1593.643706 7.373778 1.468091 12.738574 3.569114 4.811166 39.920467 131.031474 2841.198433 7.951981 1.224593 25.053628 5.005360 6.747225 53.302893 -3.550010 165.090858 5.106496 -0.033178 1.541804 1.241694 1.673804 12.848769 26.107897 280.522744 5.636655 0.243999 2.562172 1.600679 2.157715 16.748813 19.554759 138.484280 4.930757 0.182755 1.260846 1.122874 1.513634 11.767934 
-261.217630 1436.410305 7.269902 -2.536093 7.513961 2.741161 3.695084 37.900004 153.451925 1630.915492 7.396897 1.489825 13.614554 3.689790 4.973838 40.384595 130.702750 3141.795246 8.052550 1.268959 28.892610 5.375185 7.245749 56.051719 -21.100583 161.653849 5.085457 -0.204860 1.527487 1.235916 1.666014 12.714317 22.969003 300.574202 5.705695 0.223000 2.868467 1.693655 2.283047 17.337076 10.555240 118.876076 4.778082 0.102478 1.143635 1.069409 1.441563 10.903031 
-248.857511 1574.551639 7.361726 -2.565541 9.650489 3.106524 4.187594 39.680620 167.343806 1827.851974 7.510897 1.725194 15.867541 3.983408 5.369634 42.753386 122.127123 3058.525039 8.025688 1.259043 29.945998 5.472294 7.376652 55.303933 -6.597421 185.804223 5.224694 -0.068015 1.910881 1.382346 1.863403 13.631002 17.436883 255.784809 5.544336 0.179762 2.604643 1.613890 2.175524 15.993274 5.496812 126.050586 4.836683 0.056668 1.296279 1.138543 1.534756 11.227225 
-315.168508 1800.941407 7.496065 -2.973288 8.149573 2.854746 3.848197 42.437500 183.740908 2205.136584 7.698545 1.733405 17.798483 4.218825 5.686976 46.958882 130.109779 2809.908703 7.940907 1.227451 25.001937 5.000194 6.740261 53.008572 -17.183287 176.882630 5.175486 -0.162106 1.642426 1.281572 1.727558 13.299723 15.233467 268.837152 5.594106 0.143712 2.515546 1.586047 2.137992 16.396254 3.258696 173.329438 5.155194 0.030742 1.634238 1.278373 1.723247 13.165464 
-285.120937 1695.303626 7.435617 -2.689820 8.758298 2.959442 3.989328 41.174065 142.722157 1641.439267 7.403329 1.346435 13.672388 3.697619 4.984391 40.514680 124.108408 2972.961600 7.997314 1.170834 26.675955 5.164877 6.962255 54.524871 -7.167396 129.671304 4.865003 -0.067617 1.218742 1.103967 1.488147 11.387331 20.554832 321.855610 5.774103 0.193914 2.998771 1.731696 2.334326 17.940335 27.999882 148.866041 5.003047 0.264150 1.334621 1.155258 1.557288 12.201067 
-282.605983 2481.357626 7.816561 -2.913464 17.092735 4.134336 5.573085 49.813227 191.283878 2661.413902 7.886613 1.971999 23.548478 4.852677 6.541409 51.588893 122.009190 4603.622376 8.434599 1.257827 45.877896 6.773322 9.130439 67.849999 -20.505746 175.749133 5.169058 -0.211399 1.767157 1.329345 1.791957 13.257041 17.393985 266.934936 5.587005 0.179319 2.719751 1.649167 2.223077 16.338144 17.524880 161.472318 5.084334 0.180669 1.632022 1.277506 1.722078 12.707176 
-262.509315 1928.722735 7.564613 -2.884718 12.873159 3.587918 4.836514 43.917226 186.036159 2136.028995 7.666704 2.044353 19.293465 4.392433 5.921000 46.217194 145.874548 3953.905040 8.282459 1.603017 40.879842 6.393735 8.618755 62.880085 -18.710716 161.000369 5.081407 -0.205612 1.726958 1.314138 1.771458 12.688592 19.905158 283.160321 5.646013 0.218738 3.063806 1.750373 2.359503 16.827368 14.428781 123.887684 4.819375 0.158558 1.336262 1.155968 1.558245 11.130484 
-207.698270 1363.352231 7.217702 -2.209556 9.621609 3.101872 4.181323 36.923600 164.109733 1532.297481 7.334524 1.745848 13.253051 3.640474 4.907359 39.144572 128.300035 2690.867547 7.897619 1.364894 26.763315 5.173327 6.973645 51.873573 -3.780270 128.373510 4.854944 -0.040216 1.364058 1.167929 1.574368 11.330203 9.966773 220.666692 5.396653 0.106029 2.336276 1.528488 2.060402 14.854854 17.992578 101.042410 4.615540 0.191410 1.038281 1.018961 1.373559 10.051985 
-211.588618 1264.013828 7.142048 -2.227249 8.344772 2.888732 3.894011 35.552972 149.684172 1932.807603 7.566729 1.575623 17.862756 4.226435 5.697235 43.963708 127.501308 2605.935755 7.865547 1.342119 25.629619 5.062570 6.824345 51.048367 -11.607218 165.853279 5.111104 -0.122181 1.730896 1.315635 1.773476 12.878404 16.171939 207.138756 5.333389 0.170231 2.151429 1.466775 1.977213 14.392316 24.318476 148.592944 5.001211 0.255984 1.498608 1.224177 1.650190 12.189871 